ischateau,hauteur,nb_orientation_mur,orientation_generale,orientation_principale_mur,elongation,concavite,perimetre,nb_convexe,compacite,granularite,nb_concave,nb_pt_squelette,long_squelette
1,12.5,1,1.2916556251035,1.2915436464758,0.943785456374077,0.9982263563293,63.7591138207222,3,0.782889549903506,0,1,14,50.690759858124
1,6.7,1,0.837981224980031,0.837758040957278,0.955339017557125,1,69.4656817641065,1,0.782344621087192,0,0,10,48.4292573716073
0,2.1,1,3.07028518879507,1.50098315671512,0.394168466377233,1,17.9428593791196,1,0.635644538501828,0.536871765893501,0,14,12.2992642288928
1,7.6,1,0.643501108698697,0.645771823237902,0.854166666550858,1,17.2373396190806,1,0.781153319505863,0.216416955753635,0,10,11.9900286664602
1,9.9,1,2.75078444313476,1.18682389135614,0.407761014367595,1,75.1436684583486,1,0.644234000393155,0,0,10,46.5396250692682
0,7.8,1,2.91479380554182,1.34390352403563,0.635634028856737,1,91.1900142348568,1,0.746800940364524,0,0,10,60.2956358050566
0,6.7,1,1.53281805088324,1.53588974175501,0.330432240362159,0.979210218761758,162.921120801142,4,0.563267183501808,0.19189989398485,1,18,106.515552139837
0,13,1,0.088655881862806,0.0872664625997165,0.532861234924781,0.853016947046427,83.6370218879795,21,0.493706653607719,0.610373981239063,6,90,128.410607838756
1,12,1,0.654082724460763,0.628318530717959,0.601075970005691,0.709048567406578,102.476817797341,25,0.402593006695989,0.700878734499078,4,102,128.032326982854
1,10.1,2,0.0694070489451907,0.349065850398866,0.845184309433967,0.700857722784936,90.9232673500413,18,0.40677478110976,0.475634372048961,5,78,115.841588096903
1,12.6,1,0.179160499190653,0.0872664625997165,0.561895139847011,0.798365903177847,92.4234369351435,12,0.471491284069074,0.439142828302456,3,50,101.93425774163
0,4.5,2,3.03265069657058,0.506145483078356,0.463691194310947,1,15.3451354364702,1,0.512851700592069,0.247728652285968,0,6,8.69121120795112
1,9.2,2,1.05330858583347,1.0471975511966,0.667350076853445,0.87301868535065,84.5921706841536,16,0.562444073764218,0.471923572243599,5,74,150.081768412173
0,4.2,1,1.2285644654203,1.22173047639603,0.407462071821904,1,47.6527273473358,1,0.637980117010735,0,0,10,29.4189711920116
0,8.1,1,1.94378404862963,0.331612557878923,0.911912225767241,0.861441165215622,48.817474165577,8,0.592555397725804,0.385508856933826,3,34,52.8138440278992
1,8.6,1,2.05457544389701,0.471238898038469,0.851193156253062,0.996332345901655,23.9055847421369,2,0.776551623847825,0.442216638732774,1,14,16.5957675338021
0,5.3,1,0.274575281439411,0.279252680319093,0.714115052433752,1,49.7969000198786,1,0.765440790528498,0,0,10,33.5876225014188
1,8.2,1,2.90803119180343,1.32645023151569,0.718635460154049,0.469749401389388,290.553058242228,29,0.170541420129523,0.505010431399938,4,122,274.83634246151
0,8.4,1,2.83618536901223,1.22173047639603,0.451505729028413,0.792007522331726,106.586806041862,37,0.372674570127051,0.721911911516008,10,150,154.78324655662
1,18.8,1,0.736486157248076,0.733038285837618,0.329598577212866,0.84658673280828,104.132111956414,8,0.427130410802814,0.298075470062466,3,38,100.109493245334
0,9.2,2,1.52537304737173,1.51843644923507,0.509052183173711,0.842215139834954,94.194268071387,63,0.482815877739588,0.828813356541452,6,258,259.004970271968
0,22.5,1,0,0.0174532925199433,0.368902439043522,0.842579414775239,101.761417653183,39,0.359217334181197,0.732576994293509,7,166,188.035166239977
1,15.6,1,1.96636747754416,0.383972435438752,0.831739961769679,0.878250115484236,78.4647516253563,9,0.601527556775826,0.25425710854687,3,38,84.9536689635533
1,5.9,1,2.53226626840136,0.977384381116825,0.236556001391021,1,28.4092310567708,1,0.470527884869786,0.458269697316646,0,10,16.3625091678326
0,11.4,1,2.94013757609762,1.37881010907552,0.519707455985027,0.94120796156055,85.3211781456557,12,0.591808678054556,0.545286150148266,4,50,114.82325734267
1,20.6,1,3.11932912625615,1.48352986419518,0.564688947416154,0.773362941148185,172.004800260076,9,0.394962293826367,0.254587538608658,2,42,161.334812483668
0,4.7,1,1.20982689137197,1.20427718387609,0.720767395555886,0.960548460034756,90.8989569300987,6,0.707447842514247,0.305944946788084,2,26,86.3051016638778
1,9.1,1,0.756045628876751,0.767944870877505,0.400887634575946,0.697772888511505,181.733438510686,20,0.29564054207759,0.445056910919739,4,90,222.826198510145
1,10.6,1,2.86403100185234,1.2915436464758,0.423623570736876,0.982837232193085,86.6688049480536,10,0.634694015568025,0.574340405524005,4,46,126.67083860435
0,4,1,1.04191477602926,1.0471975511966,0.467135855250164,1,26.1725065068791,1,0.681886028735791,0.192141962367701,0,10,16.5389155225721
0,5,1,0.348771003632582,0.349065850398866,0.832752613115521,0.990268886039469,17.7229391872043,4,0.773539589852166,0.661337289081767,2,22,16.7516735740068
0,12.4,1,1.32581766365104,1.32645023151569,0.618004866260895,0.950013607904471,31.4291137487558,7,0.666108893807542,0.646182077965174,2,30,29.1765548271147
0,3,1,1.00622693313121,1.01229096615671,0.336859979125144,1,57.1753744664861,1,0.593794232832419,0,0,10,34.5822541233052
1,16.2,1,2.05597492836188,0.523598775598299,0.999098008308814,0.664059753568756,192.386241919924,14,0.259744275180192,0.317072515333093,4,70,184.013795782392
0,5.9,1,2.92292370769399,1.34390352403563,0.199530516404726,1,21.6594171132372,1,0.393092215984819,0.568718085916651,0,10,12.1401140336763
0,2.7,1,1.23062239646761,1.22173047639603,0.50680167168895,1,55.6107642099653,1,0.703480273783374,0,0,10,35.6242240834361
0,7.9,1,3.01800218488543,1.44862327915529,0.426697770875492,0.881201905478023,65.0776818038062,10,0.535162830964145,0.644726138984546,3,54,74.034084745735
0,6.3,2,0.457278268450623,0.855211333477221,0.362068965369184,1,16.2409403303939,1,0.42520243929855,0.358405590947921,0,6,9.01710016719802
0,5,1,2.82185012859788,1.25663706143592,0.378386990756722,0.659070708585321,86.7282813805527,6,0.291121065135009,0.334406864350093,1,26,60.5596019598355
1,6,1,0.562497931048496,0.558505360638185,0.641153910310453,1,35.9263604127635,1,0.748752000435592,0,0,10,23.7986390642142
0,12.2,1,3.10524503254206,1.53588974175501,0.546296296328194,0.984435156654915,119.842169742702,7,0.705851531513438,0.457864470194638,1,30,107.209191955753
0,10.1,1,2.75257255029953,1.11701072127637,0.614086779044272,0.95832760910384,76.2143039701119,5,0.679102175669047,0.352612032227524,2,26,78.513251179428
1,18.7,1,1.06421568877357,1.11701072127637,0.86677091478949,0.799249327437006,96.4388856032982,12,0.497752362716876,0.382183847027424,4,50,95.8421930180659
0,8.5,3,0.171872292507506,0.174532925199433,0.443139128358047,0.82053825379151,97.5163675812724,20,0.453664672243612,0.635003731001242,6,90,126.458862799157
1,13.8,1,0.0419334458709221,0.0698131700797732,0.881560283723119,0.799376565536559,99.6983728998837,22,0.45389182986014,0.645337751460522,4,94,132.401689146229
0,8.3,2,0.150026956751894,0.15707963267949,0.580280983539949,0.828125646639686,68.0614374298075,14,0.542818597628237,0.548854525602094,4,58,92.7930843813009
1,9.1,1,2.44251789113269,0.872664625997165,0.662128248796676,0.875670236014854,77.4023080974403,9,0.584048971672762,0.367675131905845,4,42,95.3311676128431
0,3.8,2,0.337878188112755,0.191986217719376,0.34023854364574,1,19.5977914189276,1,0.552945472485957,0.486887682346299,0,10,11.6619303438168
1,6.2,1,0.659169342206912,0.663225115757845,0.515895561108651,0.998822572621539,85.600646800421,4,0.705588879239224,0,1,18,69.5853359087531
1,4.3,1,1.55026533113123,1.53588974175501,0.380300373493898,0.973545561655955,135.611155684956,4,0.598485623839381,0.310159471580725,1,18,107.17729958607
1,12.9,1,2.86813166640056,1.30899693899575,0.251316889633234,0.912086709693339,144.954737800807,16,0.42375568436159,0.571242128663619,4,74,195.54455274641
0,5.4,2,0.0456824810646579,0.0698131700797732,0.613192007446133,0.875336766665451,72.0423788556266,11,0.578198805153485,0.533571092676611,4,54,92.3827546023141
1,10.3,1,0.902832853187514,0.890117918517108,0.564413793143436,0.798851255333298,90.188440895299,17,0.52106542463799,0.744641779887586,3,74,80.0742912168654
1,13,1,1.59120165748121,0.0174532925199433,0.699107866984674,0.647027301750718,151.780294947987,27,0.319435997309446,0.644744725568439,6,110,187.26992052929
1,6.7,1,1.18821440263961,1.30899693899575,0.771092957660386,0.444031691084951,247.502107717361,16,0.2031540187205,0.463717284412235,3,70,216.654772374207
0,7.7,1,2.98362776064406,1.41371669411541,0.637534796445965,0.808711857096065,89.9196347502903,10,0.495720659025636,0.425994231668507,3,42,96.0235789225363
1,10.7,1,2.08994244106339,0.523598775598299,0.606639381526545,0.783557785401701,97.0359591908287,27,0.415814942619433,0.622287983301479,5,114,170.778300822761
0,8.7,1,1.05705139459823,1.0471975511966,0.452072288203514,1,45.9179539498578,1,0.674073746210838,0,0,10,28.8932226145806
1,12,1,3.05974466380551,1.48352986419518,0.375393700824524,0.783451137603179,102.781439767973,15,0.39752772431955,0.528663027171442,5,66,118.258629327663
0,14.4,1,0.165148677364388,0.15707963267949,0.604166666817166,1,17.0131500298544,1,0.736970634561074,0.369860044647033,0,10,11.1944748167399
1,6.3,1,2.94620109904222,1.37881010907552,0.389131022380371,0.691054466499049,196.50395215665,42,0.269317238096016,0.547581455573485,7,178,357.461814429763
1,9.7,1,1.30064312710306,1.2915436464758,0.582532750985745,0.999024961003736,21.1090162364243,1,0.722384196384264,0.403280562212769,1,14,15.6068500366007
1,3.9,1,1.49402443552488,1.50098315671512,0.710398050336589,0.997255408460577,63.5062612276829,2,0.769864627298628,0.400811137935998,1,26,55.3090538695407
0,19,1,3.02545102667806,1.44862327915529,0.964921896509973,1,23.2130464934724,1,0.794776774862133,0.365373569468939,0,14,17.8602514241072
1,13.8,1,1.04839289507925,1.0471975511966,0.461305237632848,0.776845911821896,106.405151715297,12,0.422023508723456,0.250287010125354,3,50,100.262724675092
1,9.8,1,1.33925255586855,1.34390352403563,0.73312460866949,0.980522898755053,43.68428946768,4,0.73594558567816,0.393126296648532,1,18,40.6091832354901
1,6.5,1,1.19318290207678,1.20427718387609,0.286346346344932,0.862871496880758,131.352602813549,7,0.415312443815294,0.249199569838849,2,30,101.020927607155
0,9.8,1,0.0388154460874534,0.0349065850398866,0.339168627477921,0.995825259546147,82.0455024997554,2,0.590024222509892,0,1,14,54.7388648098302
0,10.6,2,1.39094282697978,0.593411945678072,0.48333333357123,0.885976408920374,8.56148764730629,4,0.579466182233879,0.888034483157263,1,30,8.27075095541708
0,4.4,1,1.28672194854148,1.2915436464758,0.715691762293737,0.930204859461542,50.3844397770003,4,0.676559627635757,0.166851790215579,1,18,42.4370936444023
1,6.8,2,1.64009030391588,0.0698131700797732,0.659864968296291,0.864776366514215,246.829500596695,11,0.508507029767584,0.448853967953552,3,50,255.213971672773
1,8.3,1,1.04740395357873,1.0471975511966,0.406940063101557,0.840149564256553,89.8887493281708,15,0.449046276020857,0.497060072133799,4,62,113.02763196331
0,6.5,1,1.71787468220136,0.139626340159546,0.403284012966574,0.988543423607247,55.9899658318293,4,0.622591031174937,0.17746595731893,2,18,41.8172498707512
0,10.9,1,3.04811587249965,1.46607657167524,0.632096896274329,0.801769284064009,78.3193951224186,9,0.509677435157103,0.257975690329831,4,42,91.1053305280597
1,5.1,1,0.175426688078019,0.174532925199433,0.982990484974448,0.555269099977652,212.958558060683,10,0.223498799384513,0.520003595061326,3,42,156.918206929078
1,5.6,1,1.19491669026747,1.22173047639603,0.277699629774471,0.909541499840777,214.632069604179,30,0.386693331638655,0.611221883446049,4,122,380.639572269112
0,20.7,1,1.47584462048013,1.46607657167524,0.878005342800867,0.999109528080293,19.0105284102367,1,0.780268976167902,0.556642032714284,1,18,15.7518596916137
0,2.7,1,1.63627635172145,0.0698131700797732,0.688540559740585,1,61.9192258946532,1,0.759343009644221,0,0,10,41.4516701837869
0,8.6,1,0.10487693881386,0.122173047639603,0.534938344034878,0.82748766698225,86.4185069171634,22,0.462882913824646,0.652475952595843,5,90,115.7971177143
0,6.8,1,0.133742291396903,0.139626340159546,0.315463250555072,0.916717421221633,72.3761913115587,5,0.487451521790204,0.397981872021524,2,26,55.7775171664728
0,10,1,0.686709902768129,0.331612557878923,0.703091650017747,0.750528939800151,68.3522547315529,14,0.481833224866591,0.622819436443473,5,66,82.4415388974744
1,16.6,2,1.2401174382314,1.27409035395586,0.723334885882003,0.793479545655733,96.9393423738169,18,0.493722797344173,0.493940829469957,6,74,123.252096933376
0,7.6,2,3.12009059157897,1.55334303427495,0.751918296740838,0.874300065876844,63.7414457925649,9,0.656777565270832,0.448127520238703,4,46,85.7114676451486
1,5.9,1,1.58094826228693,0.0174532925199433,0.704739327972004,0.809823310183835,212.183268625565,25,0.414551396224245,0.399356100593541,5,102,308.311085248037
0,6,1,1.47731954564532,1.46607657167524,0.377541142453611,1,8.66133225906352,1,0.621461709972955,0.784252446344401,0,14,5.8702980198145
1,9,1,2.4159523165659,0.855211333477221,0.289886112524393,0.83421077668987,89.7205226919095,10,0.410619731294932,0.38672794806353,3,42,78.1806051661556
1,4.5,1,0.217127018498426,0.226892802759263,0.592801841869493,0.579115480636294,429.344159728307,33,0.191020531874375,0.479717433085451,7,134,434.816531290981
0,9.3,1,3.0599563114175,1.48352986419518,0.656198290082606,0.804952445003015,100.603153895825,30,0.416127000233673,0.731488305715024,4,130,163.491915540268
1,6.7,1,1.32967864834651,1.32645023151569,0.949927780409536,0.758602068900354,76.7949599903683,4,0.478941833752391,0.266580778668895,3,26,59.8593256321855
1,8.9,1,0.670058702203038,0.680678408277788,0.295600695012412,0.7325615819604,132.143974372687,6,0.34724056491153,0,1,26,95.6708399697772
0,18.1,1,0.20248457445934,0.191986217719376,0.553509549516709,0.880398640504194,109.270725459714,33,0.502987759589859,0.66593021611831,6,134,182.559501061591
1,6.6,1,3.12458749021462,1.53588974175501,0.964931342612093,0.455317492569661,449.010771650893,24,0.115926734866604,0.28070168709841,4,120,381.480072572434
0,4.7,1,2.86329299462349,1.2915436464758,0.552083333266132,1,19.8878500248472,1,0.703415296099656,0.353954651529663,0,10,12.7305293773441
0,8.1,1,0.0440890573942632,0.0349065850398866,0.283311930528935,1,61.4554932741529,1,0.536023693138703,0,0,10,36.2834321602641
0,3.4,2,1.45068759122447,1.44862327915529,0.642816688623294,1,27.0209330322752,1,0.724071900339663,0,0,10,18.3022589901654
0,7.8,1,2.97584120350643,1.39626340159546,0.342389512416078,0.985916343074833,73.1041654378203,2,0.576127081129779,0.272165526975909,1,18,52.2490702434946
0,4.1,1,3.11129889361217,1.53588974175501,0.654088050316943,0.952938934948837,42.9158437301988,5,0.682503404950432,0.421593250407172,1,22,40.1252150817664
0,4.6,1,2.06846835881404,0.506145483078356,0.0409750467180685,1,317.355588063636,1,0.115788530039549,0,0,10,163.715920230129
0,12.3,1,2.38057989935293,0.802851455917391,0.340788646348531,0.986052283428278,101.895579276873,6,0.58184180380274,0.478126260049677,2,34,97.2463441513621
0,24.9,1,1.35852583108189,1.36135681655558,0.486228296500848,0.951958224558264,35.3053392978895,5,0.643255928976107,0.629405104463871,2,30,33.771639327829
1,4.6,1,1.34957745019837,1.34390352403563,0.203821656065881,0.996753365188838,62.2407772796462,6,0.44317385347363,0.474315757194079,2,30,46.846567008622
1,6.2,1,1.58594668266486,0.0174532925199433,0.515262795555429,1,19.9029969884444,1,0.706627641866786,0.349486109218174,0,10,12.7684994216963
0,5.1,1,0.226798848065287,0.226892802759263,0.348723329806647,1,56.4169440737074,1,0.577156458503143,0,0,10,33.8698784012147
1,18.7,1,1.72419513977952,0.10471975511966,0.441266699675929,0.64159594499956,144.161407485151,19,0.300791553591762,0.327647791298234,4,82,162.06571733401
0,0.9,2,1.53081763968091,1.53588974175501,0.999999999878192,1,8.54235960349482,1,0.539012084504547,0.605997212834635,0,6,4.86625656918504
1,16.2,1,0.305510682882908,0.314159265358979,0.658306872548902,1,44.4795876744623,1,0.755373106734513,0,0,10,29.6666442378866
1,3.9,1,2.238204067124,0.680678408277788,0.902656546519029,0.788008511231118,127.164009889616,10,0.484930996518403,0.287557709804305,3,42,127.764556364521
0,7.9,2,2.52247695400365,0.959931088596881,0.32067086160254,0.974715647082239,52.9209694375695,4,0.569083867063482,0.23479829359065,2,26,43.7253605221741
0,6.1,1,2.92471903795382,1.2915436464758,0.914733178623425,0.946123860509775,74.2929104210664,6,0.710083805005389,0.306297590514634,3,38,93.084102614095
1,6.6,1,3.13300917340266,0,0.393161604708635,0.716419986445765,284.549179530995,26,0.223831229270899,0.645688046829447,6,152,319.030296972566
0,3.8,2,3.02448390905768,1.44862327915529,0.765458422139899,1,17.3204332121634,1,0.696811274116991,0.385423320541249,0,10,11.1070129822629
0,4.2,1,2.26059637150243,0.680678408277788,0.792513999455754,1,23.3039865134316,1,0.773661082328757,0,0,10,15.8891813543115
1,14.8,1,0.117108744547386,0.122173047639603,0.790308561453525,0.885450214195316,93.8997554470901,14,0.617154517054346,0.325705457794206,6,62,157.429302165144
1,9.4,1,1.2195758486379,1.23918376891597,0.44770184799904,0.865425406555014,101.424439261526,12,0.515852032753125,0.410352751449454,4,50,116.891137276258
0,6.1,1,3.03967428610378,1.46607657167524,0.378171199166502,1,49.2601829419705,1,0.632548043952835,0,0,10,30.3770930770548
1,4.7,1,1.79369655911995,0.20943951023932,0.17229219140842,1,17.9526431515274,1,0.386585700472512,0.696224045944016,0,14,10.1934471110189
1,11.8,1,0.438336559910601,0.436332312998582,0.52677508906414,1,21.4754592981663,1,0.712383067640436,0.626990914729072,0,18,15.8242475464072
0,5,1,1.20559487708029,1.20427718387609,0.929166666499146,1,15.1356598788338,1,0.784410108455767,0.398911026084085,0,10,10.5982157090595
0,4.3,1,0.034639603994363,0.0349065850398866,0.433555521353376,0.969069837450114,71.0160719690779,4,0.641713626427283,0.272431901818869,1,22,57.2776034022821
0,7.1,1,0.453065993423516,0.453785605518526,0.687832382960433,0.868538499263423,61.5967767049915,6,0.58654345169597,0.195787550065469,2,30,61.8825180385279
0,7.1,1,2.80764758170851,1.23918376891597,0.680078740182772,0.743959476296102,80.0572768608355,11,0.450663873335652,0.189677681542677,4,46,86.0648315389227
0,15.3,1,2.7859567692803,1.23918376891597,0.46962523074091,0.858034697259003,102.163986853539,28,0.471605496190601,0.66001933030126,4,114,178.688167014635
0,3.6,1,2.05769555859605,0.488692190558412,0.425496688754798,1,34.5208444909001,1,0.665812000827997,0,0,10,21.6623203472597
1,5.9,1,0.787831248624107,0.785398163397448,0.177434867870264,0.70176659385433,368.464633725095,26,0.21796281885852,0.362287767747656,6,110,361.54546318415
1,3.9,1,1.34100986492716,1.34390352403563,0.684809858430789,0.84138720032693,106.536103943411,16,0.545560446370573,0.569013255703866,4,70,143.078094449563
0,10.1,1,2.22290229566091,0.663225115757845,0.251817158090492,0.999864998179734,110.110557521917,1,0.49896151322598,0.384900179444068,1,18,75.0784801660405
0,8.9,1,2.44457127625727,0.872664625997165,0.519501713564023,0.847877480759298,114.071056484195,67,0.394846460793689,0.810072105596713,12,274,237.93571100248
1,7.4,1,3.10479944941995,1.53588974175501,0.683987962960568,0.674407865465484,124.686206550377,25,0.324629790493131,0.63820613314781,4,102,136.786363844013
0,9.9,1,2.51091135521027,1.09955742875643,0.682002902759907,0.811655155733291,84.3670252777252,15,0.533221047979064,0.616043319108382,5,70,116.469482518942
0,9.1,1,0.795106596247037,0.925024503556995,0.535001955411798,0.829489799858106,74.3399675464049,12,0.489097502084313,0.444787831692188,4,58,95.9594408072782
1,11.8,1,1.46921875924568,1.46607657167524,0.897544138144486,0.575687592442327,230.988478601958,39,0.239240828657904,0.663373903729982,4,162,254.366363765186
1,11,1,1.8386381997258,0.279252680319093,0.990978131793363,0.726100494473966,129.564631714405,12,0.451246431160127,0.180299671166168,4,50,138.339871845184
1,10.7,1,2.8344277746894,1.06465084371654,0.510317787867287,0.772434496229518,106.208867216121,9,0.442868311073195,0.197257065476883,4,42,104.024231857349
1,12.9,1,0.126805970037845,0.122173047639603,0.697825278794954,0.653464486576587,141.481099692042,12,0.377853041788879,0.212607725679909,5,50,130.14203835777
0,3.3,1,1.71523790516391,0.139626340159546,0.836999734965977,0.973157894729134,48.539375868066,4,0.739638762067576,0.34780801868232,1,18,43.6086932007515
1,5.5,1,2.14920229598125,0.575958653158129,0.288153828509737,0.874219633778621,79.9442154693194,85,0.410255264937288,0.897288814903922,5,344,179.872607676374
0,7,1,0.580002774175985,0.575958653158129,0.492118730776645,0.999534282056641,41.8812863348057,1,0.69192184315587,0.214270113601689,1,14,30.0370443468411
0,2.8,1,0.371708950027896,0.366519142918809,0.664162830219495,1,21.3297837673088,1,0.757087357432582,0.13644868627173,0,10,14.2512118333947
1,4.7,1,2.54572857682497,0.994837673636768,0.572609677243803,0.867127786333141,57.6619620409094,5,0.563840400544003,0.407320551243765,1,22,45.0338603776048
0,11.7,1,0.277004322927345,0.296705972839036,0.298469387716357,0.95623491006117,59.1105413646733,8,0.505667813470033,0.58764656691851,3,34,55.7544563695773
0,10.5,1,0.0213642703500899,0.0523598775598299,0.427352623730849,0.859523102817955,78.9357386744513,37,0.43800829776448,0.808119000903038,8,170,140.434735326146
1,10.9,1,0.0133325432334199,0.0523598775598299,0.896290050614701,0.61069704712967,202.409305765172,24,0.263890694713799,0.408015185094408,3,98,225.870107078168
1,16.8,2,0.158807608306314,0.226892802759263,0.959138333093151,0.611720664208149,130.469970938604,18,0.314243915458322,0.406511449531371,5,78,137.985339277617
0,8.3,1,3.04192400109595,1.41371669411541,0.658720200713492,0.863216932208466,81.0344351878568,29,0.527220451084372,0.740046388454503,5,126,158.292384740155
1,4.8,1,2.90255451461465,1.32645023151569,0.431076858488731,0.500662092547046,228.96137306774,20,0.219782538470911,0.394007335461904,4,82,210.220556291303
0,6.4,1,3.09511452223814,1.51843644923507,0.610627372207066,0.845447916934303,64.9214575754746,15,0.501277894581325,0.55060454512506,4,70,97.7129607729281
0,7.8,1,0.186979269934396,1.53588974175501,0.723553770910619,0.714351798311381,74.7423628137431,26,0.416845458360645,0.702761819114856,5,106,102.978039850213
0,4,1,0.756834505519423,0.750491578357562,0.397193739817627,1,20.8017295824436,1,0.641224400729242,0.411877307883338,0,10,12.8635754553096
0,8.7,1,2.66383307821826,1.09955742875643,0.425896696276776,0.839294284326169,67.5605797058989,8,0.50553931778347,0.497655919745804,2,34,65.3158788378018
1,12.1,1,2.54037859744449,0.994837673636768,0.720598041627429,0.705450435421943,206.128762366208,24,0.256588506338774,0.338965344415465,4,98,230.451494241337
1,5.3,1,0.862170054661091,0.872664625997165,0.450592885424497,1,23.0440244007743,1,0.675496741777989,0.364947475776438,0,14,16.2860979917442
1,4.6,1,0.603749333377239,0.610865238198015,0.575797007208578,0.822916822987171,82.0698076224114,10,0.511576379074898,0.443333678039979,3,46,86.7540345225167
1,6.1,1,0.135527713969907,0.10471975511966,0.383019437996633,0.778132075633249,122.022196260801,6,0.419120500611331,0.296195361147973,2,26,76.3670260319391
0,7.4,1,0.211776160004319,0.226892802759263,0.669519177481823,0.958310556150818,76.1318653608493,7,0.722146778588412,0.548263265404049,2,42,94.9645106342805
0,7.4,1,2.53604798997447,0.977384381116825,0.476190476155068,1,28.4247762313036,1,0.674225007640219,0.468547381152673,0,14,18.7903172352631
1,12.2,1,1.7032249636745,0.10471975511966,0.457312749810611,0.580395280411172,233.383492704619,19,0.238721996332295,0.139286127162137,4,78,231.902295300754
1,13.1,1,1.3198697784152,1.36135681655558,0.614423228040729,0.496165112312459,272.679611157065,29,0.205544547232433,0.490863260621998,7,134,316.038850780004
1,15.5,1,2.57000123776168,0.994837673636768,0.683459869881024,0.831298085904253,133.594043929561,32,0.516944758743997,0.598335677046983,6,134,255.148290814368
0,3.4,1,1.68336194259756,0.10471975511966,0.669158761042536,1,43.574028682177,1,0.755228098251821,0,0,10,29.324513599231
1,12.1,1,3.09936425150904,1.53588974175501,0.678684627595868,0.948772459181801,70.1417604471984,9,0.706749808664295,0.485283666425844,4,42,99.3397882775752
1,7.7,1,1.19417665969696,1.20427718387609,0.433148918524912,0.973834945229041,98.5400903738542,6,0.639173235342179,0.42905143387994,2,30,98.0578130088294
0,6.1,1,0.0969176277675096,0.0698131700797732,0.472545066417911,0.834023821846855,70.3954256904285,13,0.44923584243982,0.627571325348345,4,66,89.3676215348532
1,6.8,1,1.39860551237478,1.43116998663535,0.603799698067332,0.779587010771624,105.432801149992,20,0.473310104193093,0.637531211180975,6,94,182.432827462214
0,6.6,1,0,0,0.488095238049537,1,49.7018225367442,1,0.690158848301193,0,0,10,31.5605121600793
0,6.3,1,2.79832786536524,1.22173047639603,0.586338095593861,0.962543078943024,86.8754445834541,7,0.690569533250895,0.481443738985414,2,38,104.631749161206
1,10.4,1,0.216756902298183,0.226892802759263,0.322681047771791,0.916135330546428,86.1897565996306,6,0.507988508170506,0.475112924218602,2,34,74.1066215362389
1,16.3,1,0.0963672448566633,0.0698131700797732,0.691339813514455,0.836206151511462,100.418658009103,9,0.542587097705783,0.213556996552349,3,38,103.226744383793
0,9.3,1,2.46611749709338,0.890117918517108,0.500737130299241,0.940202011159723,90.2599867151634,13,0.648265471340087,0.55895457518139,4,58,139.19776128223
0,8.5,1,2.88990268179237,1.32645023151569,0.742213833053842,0.816376872631829,68.3973111898236,12,0.546727484808265,0.481430306927379,4,54,88.8530940394844
1,5.1,1,0.253547433680168,0.261799387799149,0.404192218186138,0.896584813342609,80.6397941099283,10,0.550703460921865,0.731250635219715,2,58,82.8728612872467
1,4.7,1,2.2713471392381,0.698131700797732,0.700489004720773,0.497083699441572,220.835478824385,15,0.237611073122596,0.33037418922475,3,62,165.370968017315
0,10.1,1,2.89914563062179,1.34390352403563,0.456658739609388,0.800555114993225,98.8472850276061,21,0.441433830715346,0.561622836552992,7,90,146.429556518434
0,4.9,1,2.44789064643204,0.890117918517108,0.662190488658998,1,40.3668398130743,1,0.752024148565504,0,0,10,26.8270316239125
1,11.6,1,1.59141196241262,1.55334303427495,0.637052218841187,0.734747767571167,114.384071418528,12,0.423586363948866,0.261856747874246,4,50,116.123218178244
1,8.9,3,1.14129692887947,1.15191730631626,0.515824578966352,0.954175522270362,59.0262542959422,18,0.663899631058816,0.799609054570911,4,90,93.939688729046
1,3.9,1,1.1501329776538,1.15191730631626,0.709751875400266,0.996140651767928,13.9039045097344,3,0.755014905023658,0.696448543478655,1,18,10.9818314170283
1,9.3,1,1.74956542433752,1.09955742875643,0.530033521111157,0.55384924018648,201.512256881981,60,0.256308571989272,0.733745640910011,7,242,335.439387307647
0,23.8,1,2.03444393582994,0.471238898038469,0.926470588429236,0.998332999925749,34.4114666098337,4,0.794425766486707,0.437271441480829,1,18,30.9075846482164
1,12.5,1,2.36010072032569,0.802851455917391,0.627691561962981,0.822233007719176,125.602242570236,8,0.479055380081785,0.272485258289284,1,34,111.950932672689
0,11.4,2,2.60617311164691,1.0471975511966,0.39436064279821,1,38.9893012251188,1,0.64746957296636,0.392913584956679,0,14,26.0313622083159
1,15.6,1,1.5023020578861,0,0.982524928345536,0.518296943226824,283.752794844965,22,0.194505997554696,0.26954194654502,5,94,275.92411632608
1,5.1,1,1.59229838877843,0.0174532925199433,0.442129105434259,1,26.9093973796205,1,0.669347366004516,0.196862947468355,0,10,16.8896787119202
0,5.5,1,2.61351820516535,1.0471975511966,0.566397652205524,1,60.8582010053458,1,0.722892245594707,0,0,10,39.479798992822
0,10.4,1,1.1147243304882,1.11701072127637,0.873563218425268,1,22.2767237123781,1,0.781200289084575,0,0,10,15.4348122517702
1,10.1,1,1.67046497928981,0.10471975511966,0.616592831241665,0.933247586549883,78.9710526913055,7,0.650611715589476,0.457742692928542,3,34,76.5260675434766
1,5.7,1,0.129409711393301,0.0872664625997165,0.60749405054156,0.897483913388641,93.8778563431042,13,0.642374024611196,0.690905450599101,3,54,83.9019230752857
0,8.1,2,2.6981443171547,1.11701072127637,0.584110787230176,0.893056567128314,46.9499124643863,6,0.629118281308376,0.603603481081459,2,38,51.7552110274006
1,12.4,1,2.72728767685213,1.15191730631626,0.81748517555478,0.999813119041333,65.7353313408239,1,0.777921792162296,0.378872912087637,1,22,61.2224971590066
0,3.1,1,1.0232340909201,1.02974425867665,0.727674345195575,1,22.1079307810083,1,0.756408394811406,0.135864884540692,0,10,14.7604571512813
1,6.1,2,1.45859351179249,1.39626340159546,0.541769547293498,0.974771964328971,50.7094183413791,4,0.702417202783266,0.390865202945368,1,30,50.5544332108524
1,9.7,1,0.0270204491694785,0.0174532925199433,0.501818843245348,1,88.6305164460369,1,0.696549007315878,0,0,10,56.4983407093293
1,8.8,1,2.25346462277645,0.680678408277788,0.911178509479116,0.916204006096492,55.7240591495059,4,0.681197425714063,0.131585981733604,2,22,47.9537249085663
0,9.1,2,0.34555558040232,0.349065850398866,0.706664779985831,0.75737343795654,83.9192505217587,13,0.496931212798123,0.51304300177535,5,66,109.823305925458
0,14.1,1,0.0878238199465287,0.0872664625997165,0.450419558998747,0.816621889273275,132.836698868941,39,0.444832545386072,0.730217451694267,4,174,295.185218251729
1,5.9,1,0.57219364393259,0.558505360638185,0.514111675158248,1,42.0340997060898,1,0.704787358833077,0,0,10,26.9355578190719
0,7,1,2.9524918343659,1.37881010907552,0.460382336357159,0.944036583847695,62.6876728930366,4,0.610627841754912,0.275443740656784,1,18,50.1048186990941
0,3.2,1,1.44644133224814,1.44862327915529,0.338461538615053,1,14.9115369774304,1,0.589453231338443,0.54081594340076,0,10,9.00194068135366
1,5.2,1,3.07124820854289,1.46607657167524,0.857375659609209,0.71001942172133,267.341971689612,20,0.222721088724831,0.255713229000755,4,82,264.65390904755
1,15.7,1,0.305358580128745,0.331612557878923,0.549562604908398,0.656321206872656,179.48621886459,23,0.325829294591016,0.43345266667364,5,98,224.178304887473
0,2.9,1,2.82293806452593,1.23918376891597,0.62401334786658,0.932686756725199,48.5345687804318,4,0.646401895380774,0.151345210669013,1,18,39.3873486202048
1,9.6,1,1.39612412778055,1.39626340159546,0.567622123509707,0.967298017162295,87.6033641545129,6,0.695761089290991,0.371282030658623,3,34,101.68671857195
0,8.6,2,0.04758310328905,0.0174532925199433,0.568069306912166,0.844422464010629,96.8200013595171,28,0.514995154450867,0.617782044316357,10,114,176.70415676965
1,8.2,1,2.66324022223081,1.06465084371654,0.45131338784705,0.811517974051911,134.599240468617,20,0.378306462797409,0.445990488199001,5,82,185.917965586106
1,6,1,0.202658669147791,0.191986217719376,0.599927979666455,0.999847421414631,23.652679554517,1,0.7359686925365,0.453856811849953,1,14,17.4331971418271
0,9.7,1,2.01690187573155,0.541052068118242,0.994732683706489,0.856438113208708,56.2459365730935,12,0.613739607116116,0.665310877238518,3,50,54.7822341542192
0,4.6,1,2.01107795538372,0.436332312998582,0.337448777455712,1,94.6255643193309,1,0.599527203037946,0,0,10,57.451019401748
0,3.3,1,2.44380746421077,0.872664625997165,0.577657478085326,1,66.0056413882477,1,0.72930755238019,0,0,10,43.0212445517822
0,4.7,1,2.74036385453977,1.1693705988362,0.36467399069978,1,52.5851948964605,1,0.613889231614346,0.380760559459101,0,22,40.9931545492299
1,11.2,1,0.417132229534056,0.418879020478639,0.456847571789439,1,79.6402268249804,1,0.672018958741022,0.30763225389252,0,14,52.1741105588403
1,9.7,1,2.31366695557482,0.715584993317675,0.399741058427682,0.866036234424394,79.5062162102624,20,0.465162815661634,0.549651481589096,6,86,124.431585215558
0,24.9,1,1.31910635494202,1.32645023151569,0.772518382208102,0.955206286841456,20.7097040536597,4,0.712273910847483,0.72415817264235,2,30,17.7901930291786
1,6,1,2.71894769202978,1.13446401379631,0.489338708146507,0.505200171258177,291.769235799455,24,0.179404784225174,0.291072551593794,6,98,266.096515054783
0,11.9,1,0.0172396713072324,1.53588974175501,0.430234446897634,0.772718365056921,94.1162254971897,13,0.391573727428803,0.43933966849711,4,62,103.944450588291
0,5,2,1.32035323718445,1.30899693899575,0.531798744385907,0.968849352897983,73.5247622606436,9,0.701299487026302,0.564985484731987,4,42,89.743398420331
1,5.8,1,2.63053534169411,1.06465084371654,0.416581989958406,1,83.824882324943,1,0.651888630233993,0,0,10,52.1157108649416
0,13.9,1,0.812211658960302,1.08210413623648,0.768940470534533,0.75376449507618,132.593265064233,45,0.398406216880288,0.715648058059299,9,186,225.227918838993
0,4.6,1,2.87859792180831,1.30899693899575,0.421756835279112,1,17.7408577649166,1,0.633433039866322,0.472996755122615,0,10,10.9256265399419
1,5.5,1,2.13506451568235,0.558505360638185,0.255316729273251,0.992559188261289,23.3678297045572,6,0.50651597665897,0.736717809886772,1,30,17.8282107454269
0,8.5,1,0.927295217967204,0.925024503556995,0.635467980579578,1,13.0250426305203,1,0.7477525117769,0.525724757384174,0,10,8.62458129427426
1,14.7,2,1.46987454211972,0.0349065850398866,0.936499829788351,0.92350209315438,48.9339221076481,6,0.740932030128928,0.348777284547704,2,26,50.0839640978585
1,11.6,1,1.91518291172699,0.366519142918809,0.848015059990406,0.482045120638596,374.081434827042,40,0.167353993897512,0.44823657521686,6,170,422.642122833819
0,14.3,1,2.91119021750003,1.32645023151569,0.500346750261231,0.819033554437775,153.933625109473,61,0.358829137105534,0.732686571168867,13,246,339.890119357369
1,12.3,1,2.68490548904881,1.11701072127637,0.775098760426347,0.909316527697642,99.911456535953,17,0.615755108103869,0.549688408612765,6,74,149.335004160202
1,3.8,1,1.42233661006071,1.43116998663535,0.94154160782638,0.618365326068756,247.005915702335,23,0.190356700166704,0.50305582121891,5,94,219.814813288066
0,10,2,2.86578675499234,1.30899693899575,0.435936514630438,0.822672064794662,102.920422816468,28,0.415833567015354,0.686056579540236,5,114,148.209898310968
0,5.7,1,1.26706184096179,1.25663706143592,0.300238284370421,1,18.2285717572046,1,0.548368603865627,0.520502343634668,0,10,10.8173580218187
1,12.7,1,2.80732039230316,1.39626340159546,0.504744603541421,0.790358422957697,75.1331042992512,19,0.490880168573566,0.704893257255744,6,90,110.699812613655
1,8.4,1,1.80032368103723,0.20943951023932,0.814784522499787,0.389310122768265,306.793721921349,49,0.150127737190265,0.718582744099955,6,202,329.831742401092
1,6.9,1,1.82289230747166,0.226892802759263,0.632975473536317,0.907526779414315,106.681278853248,19,0.631912845152037,0.782671450406189,3,90,125.324725056583
1,7.7,1,3.05704889807336,1.48352986419518,0.323318162425529,0.990476190479188,125.042478137247,4,0.569213472933108,0.504530089006409,1,26,98.5325070967682
1,5.1,1,3.07829703541377,1.51843644923507,0.544097398324994,0.95709006029947,118.499531752664,7,0.660493068653553,0.216520431469726,1,30,98.2212618560948
0,3.7,1,2.1774014354584,0.610865238198015,0.569022556405715,1,33.6296341262664,1,0.726457974402449,0,0,10,21.9201692039625
1,7.2,1,1.1228542327032,1.13446401379631,0.832724783200109,1,36.0374858958456,1,0.771186137989864,0.141469848205414,0,14,28.1520615843631
1,5.5,1,1.54427193665731,1.53588974175501,0.690000156599271,0.536754989915277,449.321711667176,36,0.124903088377622,0.194485453941584,4,146,435.16557511546
1,16.9,1,2.31035506433644,0.802851455917391,0.853848762326481,0.905299166433361,91.4619805978347,16,0.659932853989767,0.632119642393713,4,66,120.5510896277
0,13,1,3.07764057280209,1.50098315671512,0.481849565884744,0.978488951413498,69.2528785073587,6,0.656123923097898,0.493566506834238,2,30,70.4057490718114
1,9.1,1,1.26177492926611,1.20427718387609,0.974868832964749,0.642839312470298,165.740129683713,17,0.247392872351631,0.281690277387934,5,82,172.491186096399
1,17.5,2,0.785398163439696,0.715584993317675,0.93548387093034,0.876781354034024,61.3109883465407,9,0.660221001190031,0.531322483982091,2,50,80.3453498493955
0,10.6,2,0.266252048896928,0.261799387799149,0.424242424251618,1,3.46531619487098,1,0.627878161398393,0.898600263531165,0,10,2.17671858838512
1,13,1,2.37944611303936,0.837758040957278,0.390382649664227,0.50124395676234,203.12756234907,6,0.210771924621289,0.235037373748359,3,34,131.079376090102
1,10.3,1,2.21311119650642,0.645771823237902,0.588145896650649,1,54.8712508699697,1,0.736760548957728,0,0,10,36.0481273182192
1,6.4,1,0.732815101771805,0.733038285837618,0.705340699833685,0.70454179417319,96.4454504366793,4,0.413687914333305,0,1,18,64.8559529492508
1,5.2,1,1.89942750654392,0.331612557878923,0.876479071482574,0.751696735798886,170.388693415889,11,0.427863256580006,0.267427511837105,3,46,159.25012829169
0,5.3,1,0.79972383089935,0.802851455917391,0.0629674583672564,1,52.4723881386922,1,0.175212995844475,0.571971743797,0,10,27.5248113586723
1,17.6,2,2.07401458458178,1.15191730631626,0.72316035182496,0.521403493998321,197.780382806337,36,0.2387868969691,0.58959314941433,7,146,236.953484833236
0,10.6,1,0,0.0174532925199433,0.411764705839385,1,14.2033795037789,1,0.645025055433415,0.521622489940461,0,10,8.80003670102402
1,12.7,1,0.108661215845681,0.15707963267949,0.474191502872314,0.853077498840645,85.4420511783146,13,0.510075924700559,0.500189596074803,5,54,92.4389744171285
0,9.9,1,0,0,0.358974358969985,0.836132251481042,76.5616933930529,25,0.427486935440918,0.719120292122378,5,102,104.645291222486
1,9.3,1,0.041642579075083,0.0174532925199433,0.992124664856909,0.820260108775036,109.498348480951,53,0.454458274892046,0.776712429887937,9,214,234.735703888069
1,10.3,1,1.1844591119248,1.0471975511966,0.387126712890439,0.764445522355109,82.252703631574,10,0.351274770857691,0.486201294554022,3,46,71.4193462633625
1,5.2,1,2.83317464247477,1.27409035395586,0.56867571560372,0.392023104145105,74.5856738725883,6,0.177844025374096,0.437441370944515,1,26,44.5602550097011
1,6.9,1,2.15983305613912,0.663225115757845,0.605005245049922,0.783907036443339,129.605226810213,13,0.434015388076578,0.307971713311012,5,54,126.748555242825
0,9.4,1,1.16066898625187,1.1693705988362,0.469576719623896,0.998866587963083,44.12012398246,2,0.682711667896138,0,1,14,31.4265521901106
1,14.5,2,3.09146745219682,1.51843644923507,0.358953989376812,1,90.8319703236429,1,0.615307571067055,0,0,18,62.760272198787
1,8.3,2,1.6287025320404,1.37881010907552,0.772360264601934,0.818459243960702,86.1753034618905,5,0.603605819327805,0,2,22,72.2938551743004
0,6,1,0.157483322358277,0.15707963267949,0.459461569717399,0.870022630300843,78.7676408524561,10,0.510030072675182,0.392578612443692,3,42,88.4461150876027
1,4.6,1,0.0805428709868174,1.50098315671512,0.309146206159887,0.660731431322571,199.979086013827,22,0.242182617982058,0.349806746314094,5,90,213.145112356063
0,14.3,1,1.39094282704618,1.37881010907552,0.609022556520628,1,3.69208995475175,1,0.746707193815593,0.891562612160627,0,10,2.44665499093378
1,5.2,1,1.27972667901971,1.27409035395586,0.21786337489519,1,60.5707534435217,1,0.462262838537283,0,0,10,34.7848481151701
0,8.8,1,2.92471903785655,1.36135681655558,0.659406387547181,0.801067211626077,92.7672549443555,15,0.515153576171788,0.52714844941204,6,70,135.448451959003
0,12.2,1,2.2881180319231,0.715584993317675,0.480069324102468,0.901030433728801,76.7857260399977,9,0.560963699901924,0.520385145118632,3,38,80.3403290367218
1,2.4,1,0.0648907150973212,0.0523598775598299,0.99554241528974,0.67902900886015,125.463709598712,10,0.403631429172413,0.45121831727579,3,42,109.656408794101
0,6.7,1,0.0741879176655613,0.0523598775598299,0.398087653835655,0.921512683505639,64.2551527172655,9,0.540673032167224,0.499601943071895,4,42,75.9098722827629
1,20.5,3,1.41150176025737,1.15191730631626,0.886680281337493,0.690202619221264,155.536601791655,16,0.319210479105308,0.227107609317816,4,70,156.865642398716
1,9.6,1,1.35940991034958,1.36135681655558,0.617066299213411,0.756788725839247,127.841974186336,18,0.400924970206967,0.467380417769902,6,74,156.902489260493
0,9.6,1,3.11985694675915,0.0523598775598299,0.444473893459057,0.787438736618298,88.2391355638271,31,0.455082650228265,0.742796601598291,5,126,140.513005088996
1,10.1,1,0.173524470376226,0.191986217719376,0.980479481752548,0.536489959617102,232.345119688011,18,0.221087143453518,0.33888841573346,6,78,218.345655070914
1,7,1,2.7928216500717,1.25663706143592,0.448555393909145,0.815487202238501,122.164899278944,24,0.417560921548978,0.579950535450099,5,98,169.697836450766
0,12.1,1,2.84168328571293,1.27409035395586,0.453257665784353,0.884478371507857,75.3499318547128,4,0.538544932932465,0.232655783639364,1,18,51.6373297100044
0,12.6,1,0.0672559215579354,0.0698131700797732,0.451833740823509,0.805855135559137,83.2812732070254,34,0.429156845618177,0.763828499241576,8,146,141.874226342321
0,7.9,1,2.76108627652327,1.18682389135614,0.571026722926252,1,41.2993358590017,1,0.72552054979793,0,0,10,26.8413876571834
1,13,2,1.85625918706779,0.279252680319093,0.793621075872692,0.942994023974564,108.768506969653,32,0.600043578444265,0.733194311392737,6,134,232.212353992132
1,4.1,1,2.63546502271012,1.06465084371654,0.687659129961239,0.836620407909937,81.4520514197684,10,0.517840935043429,0.51881540906053,2,42,72.7550933719829
1,10.7,1,1.76974227299373,0.244346095279206,0.82320871282548,0.558578884012354,273.511130086505,19,0.250991153933324,0.13516646782529,3,78,263.549711242169
1,15.2,1,1.45683442498435,1.44862327915529,0.99349674835037,0.929994153188443,65.9614753162837,5,0.689098619499506,0.284527770918877,2,26,70.3948137515264
1,4.7,1,0.123860679199254,0.122173047639603,0.370000952960274,0.942577998981224,67.9674560441548,6,0.556371470672171,0.513266646373492,2,26,54.4571511185914
1,11.5,1,1.63585097821333,0.0523598775598299,0.801810971678038,0.703419422450558,172.621268967311,12,0.366573408252423,0.345787692735738,4,54,176.852172366326
1,11.4,1,0.630901546520853,0.628318530717959,0.484587152275815,0.905457773765125,83.7227395129033,7,0.575961131449505,0,2,34,80.7833554831979
0,9.6,1,3.02916552274048,1.46607657167524,0.517662925271397,0.72247312924929,109.699068339307,11,0.406761014562666,0.341904162918169,4,46,108.878103000945
0,5.2,1,2.88060371374648,1.30899693899575,0.322679169425349,0.970088442802302,57.3765008302974,5,0.558948517787033,0.493514182492467,2,26,44.7372170656152
0,2.3,1,1.41685166233479,1.43116998663535,0.761307728949617,0.707955390341297,75.1570592461988,5,0.423670748022808,0,2,22,54.0931599679953
1,7.4,1,2.92535510271479,1.30899693899575,0.539011186931791,0.40256691243147,453.741307694462,32,0.140139746629578,0.381505300798551,6,134,430.986249441901
1,19.3,3,1.78136828362949,0.506145483078356,0.49925134953069,0.862276662357037,96.5923493899091,3,0.630508402869026,0,2,30,91.0982686635204
0,7.1,1,1.84244955799828,0.261799387799149,0.54535353357232,0.978465013387652,74.2280726350985,6,0.721246021720001,0.427277976176407,2,26,75.1761454818556
1,18.6,1,1.61608256359786,1.37881010907552,0.358053729305795,0.769095392351096,105.897761849047,9,0.445625517343215,0.501688653355419,1,62,114.278744922688
1,10.2,2,2.57141347436899,0.977384381116825,0.745232672784904,0.914346756448789,62.1498632309512,8,0.68920390216189,0.831189999086959,7,110,117.820952359167
1,11.2,1,2.64397753193739,1.06465084371654,0.481874025294217,0.789344362529372,99.235251669491,13,0.452982889996222,0.367176061164228,4,58,118.245505740639
0,10.8,1,3.02974259005401,0.0523598775598299,0.549594571869236,0.761959025716037,132.932597931688,55,0.330471163983027,0.717409456187981,8,226,266.232980241575
1,4.2,1,2.74025595645457,1.15191730631626,0.522079199549807,0.656057675424705,97.1574313582143,9,0.347681116979736,0.431514234214746,2,38,71.044171344582
0,11.2,1,2.1432561405803,0.575958653158129,0.817277250257413,0.956687006110863,28.9078403722663,4,0.719098097877256,0.561381477856591,2,26,28.0885579722129
1,12.1,1,1.10501196892073,1.1693705988362,0.868521435508158,0.691293784165872,100.186278602888,71,0.427459577155012,0.90862267915331,4,294,180.288659997841
0,4.4,1,2.61831433146547,1.0471975511966,0.766703176631549,1,10.6680939237898,1,0.772919461728123,0.638222622088101,0,10,7.26601215870749
1,9.7,1,0.471310294283238,0.523598775598299,0.897301239972894,0.652684502756772,161.69360530419,28,0.30199388321859,0.441264726286124,4,114,208.417926645254
0,7.6,1,2.99814039029335,1.43116998663535,0.559733889614817,0.987434304825845,60.8143549238982,4,0.702223072426828,0.36774638179713,1,18,49.108477772787
0,9.5,2,0.01111065385344,0.0174532925199433,0.603227141072055,0.798443771640192,96.9436514278497,36,0.389664167168653,0.721526533629567,8,148,167.565360571395
0,7.4,2,3.09061644652784,1.55334303427495,0.543399300744454,0.7804792770455,90.730736655829,17,0.442979300004408,0.504835299655695,4,78,128.900971717932
0,7.1,1,2.80882326141753,1.23918376891597,0.293337633311464,0.995044631121994,59.0141872832667,3,0.547029223101052,0,1,14,38.3101773615057
1,13.4,1,1.97114831761193,0.401425727958696,0.525885745086473,0.730510940327288,116.647150595271,31,0.459116425939284,0.79176860244987,4,130,120.162169858282
1,9.7,1,2.77780446400351,1.20427718387609,0.833535404747258,0.9009199451986,84.8833704811421,5,0.602071403572277,0,1,26,78.1210692652948
1,7.8,2,1.68918286264277,0.122173047639603,0.407134846144788,0.82269101357206,75.6707249292976,6,0.477565476534912,0.263294932090872,2,26,57.8011254468828
0,9.5,1,2.89661399042857,1.30899693899575,0.496527777737477,0.862414943295373,60.2930128892454,7,0.558603702596845,0.541270588452461,3,38,60.1736390984441
0,12.1,3,0.333798164258305,0.331612557878923,0.356045164838495,0.952692719938163,59.8019689968741,9,0.577776606577627,0.619370785832509,3,50,67.721703058605
1,8.5,1,0.970082543377622,0.977384381116825,0.55468750003279,1,20.8125281099791,1,0.725996079255578,0.280725349617779,0,10,13.5409622455307
1,8.2,2,2.52728033283004,0.959931088596881,0.504241240011183,1,46.0862243076427,1,0.697263918662884,0,0,10,29.6466593936009
1,30.7,2,0.121352000631129,0.10471975511966,0.818181818245943,0.752849430055024,19.7747832483451,7,0.40330176811655,0.774925434687985,2,38,16.9795430063332
1,6.5,2,1.37593240710675,1.36135681655558,0.862746116677056,0.73886956778004,96.8129849930896,29,0.502748458053634,0.741797685118691,4,118,119.504801246421
1,20.1,1,2.18999978803139,0.593411945678072,0.896268585695498,0.678454902154229,127.940639932305,13,0.307299704550724,0.398341852500998,3,54,106.27279743963
0,5.3,1,1.59154023881299,0.0349065850398866,0.654872130253964,0.953325536988925,75.9949750589499,6,0.700641700824531,0.434454873233752,4,34,88.2099624300816
0,27.7,1,1.64756821806412,0.0872664625997165,0.859866539628072,1,29.4286183360987,1,0.78028011244764,0,0,10,20.3271893069246
1,8.2,1,1.91982139542325,0.349065850398866,0.660866658471924,0.857690727292128,112.251224344952,8,0.562060756350375,0.34751531039208,3,34,114.970501786877
0,7.5,1,2.89019559340599,1.32645023151569,0.469516129049985,0.867970352991812,86.0869537974564,12,0.527210246166384,0.50379053647688,2,50,91.3892888797568
0,2.5,1,2.83353987258486,1.25663706143592,0.773921200831485,1,32.6381006183082,1,0.772919027660985,0,0,10,22.2271997047812
0,9.8,1,0.040179369440884,1.55334303427495,0.473397303626387,0.902299487466657,84.0751651793114,12,0.578991465814609,0.432711890607092,4,58,125.472830651958
0,5.3,1,2.8008169108129,1.22173047639603,0.471358570685231,1,44.4186331457791,1,0.684584945206972,0,0,10,28.1235102566481
0,17.6,1,0.543832456336154,0.541052068118242,0.453359858522165,0.964211231227103,99.0006081087706,15,0.6461260934386,0.653852197945786,4,78,182.793924379985
1,3.9,1,3.02350062521592,1.44862327915529,0.701612903207879,1,20.376268278513,1,0.754540998511426,0.18688349516799,0,10,13.613081676202
0,8.9,1,0.985579231351987,0.994837673636768,0.553979484793561,0.748386926171843,91.4774999248483,18,0.424994267034336,0.541861527061852,4,78,127.715553377506
0,6.6,1,3.07067353829405,1.50098315671512,0.589777287121047,1,96.5557446571539,1,0.72248789021034,0,0,10,62.6155177827991
1,6.5,1,0.136026280589356,0.139626340159546,0.510586974023096,0.960340408757661,106.434736562493,8,0.648421371015126,0.419381564040555,2,34,93.9444550694629
1,4.7,1,2.83824492942586,1.18682389135614,0.57095366422735,0.426239846012577,347.291008899947,52,0.127818813403811,0.603788576742026,7,214,376.78889706922
1,6,1,2.57150240148286,0.994837673636768,0.33539559852397,0.747987622537713,113.76773133864,41,0.347342063911953,0.778003922242673,6,170,160.112292372586
1,14.1,1,0.354835404209964,0.331612557878923,0.468513607812657,0.982822850890278,76.4420850621553,4,0.677985762696519,0.176974642683379,2,26,70.2202955925067
1,11.6,1,3.03800437395805,1.46607657167524,0.728088253142654,1,69.8635517978862,1,0.76666222923741,0,0,10,47.1686505236617
1,9,1,1.21352772073293,1.20427718387609,0.442979304384515,0.825474551375356,102.069691078537,20,0.518505539672226,0.743410862388954,4,86,102.282196536742
1,10.4,1,2.75643514721419,1.18682389135614,0.476591424812642,0.833648603538665,134.490521804813,38,0.416403395782761,0.646294255098687,9,162,272.838584410873
0,6.5,1,2.54194762656267,0.977384381116825,0.836780712086351,0.750489335851929,78.5550953089007,6,0.452862786782261,0.481277375541173,1,26,54.0013131460594
1,9.2,1,2.70817341512016,1.13446401379631,0.939488144980285,1,85.0502832571202,1,0.784387236251081,0,0,10,59.5179230021006
1,7.1,1,2.83099405319969,1.25663706143592,0.588175868610576,0.924924807104902,82.5653754901691,14,0.651900727321859,0.505242200733033,6,66,126.579104290803
0,6,2,2.88999704818024,1.30899693899575,0.386706870541812,0.957091488065699,104.351402462952,5,0.617394855912321,0,2,26,83.15780870622
0,3.3,1,0.907240600418679,0.907571211037051,0.18342224048633,0.992890995275541,16.3679407166257,2,0.393066286621894,0.637992074356802,1,14,9.76543777276769
0,9.6,2,0.379340876513394,0.436332312998582,0.515575099491143,0.835594980684465,76.5591511684532,12,0.526094372353776,0.488069340880079,5,54,96.4040693735129
0,4.3,1,2.15879893042139,0.593411945678072,0.367231638423672,1,26.5444871406059,1,0.610742801476682,0.626082565135134,0,18,19.0450945156287
0,16.9,1,0.418224329557922,0.383972435438752,0.528483184617711,0.786258509547076,170.218051366964,107,0.302555538219643,0.814816121799098,13,438,467.030735951171
0,8,1,0.0191364197062051,0.0174532925199433,0.806717268344779,0.98654319200933,76.6259198815576,10,0.802561178157615,0.498558573893068,3,54,126.380163327976
0,4.5,1,2.91544021783866,1.34390352403563,0.960347237598307,1,45.5149006230761,1,0.785031860646623,0,0,10,32.0335995156114
0,7.6,1,0.0798299857256362,0.0698131700797732,0.4200973882035,0.804026555579999,98.8070330171813,15,0.431026433243381,0.48543643737482,6,66,120.65955621077
0,20.7,1,1.70679374483065,0.139626340159546,0.809882656881102,0.988883310600175,33.2082921928363,5,0.785575733848502,0.639993577389045,2,26,26.5184554615558
1,3.5,1,2.74853463426154,1.1693705988362,0.260411439842256,1,11.1637293021872,1,0.506168351070426,0.709812829720713,0,14,7.09325197839671
1,5.7,1,0.0727192285504225,0.139626340159546,0.749029069096831,0.773145123823904,130.700471490478,14,0.422255207193801,0.577691617673037,3,62,120.281984992227
1,4.9,1,0.165148677413224,0.10471975511966,0.964658634528079,0.706739216680671,179.584440924579,23,0.340096462777431,0.435050278975147,3,98,239.588608913066
1,15.2,1,2.80522936067099,1.22173047639603,0.574216912816748,0.901019344387573,91.9351028769212,7,0.578246471862812,0,2,34,89.9480014113122
0,17.8,1,1.23605948948345,1.23918376891597,0.403424947142379,0.788771136672472,354.867208600259,235,0.231204700644415,0.830672800062261,16,942,1034.79504319145
1,6.3,1,3.10651932303097,1.53588974175501,0.641292396123678,0.872614045950469,67.6575462664818,14,0.561617396478715,0.537055023044087,4,58,101.858264545417
0,12.9,1,1.24339611486948,1.23918376891597,0.59420801692469,0.779680365316005,35.7833255131472,7,0.435694949870335,0.422946684088853,2,30,28.302635189871
1,11.3,2,0.582300598348524,0.645771823237902,0.321583846420419,0.844207506842756,112.629881311377,15,0.463545940217822,0.571807514114448,2,70,132.08491208643
1,15.8,1,2.8625792188174,1.2915436464758,0.577609897522008,0.699275671486063,155.771272959978,10,0.381980606582662,0.254047077768195,2,50,153.198539502698
0,9.1,1,3.04623060667025,1.48352986419518,0.285695015832744,0.986980108497157,65.5424863276929,6,0.518896727850347,0.656201808198929,2,34,64.4706520798506
0,4.6,1,3.03227411965793,1.46607657167524,0.862160176259384,1,30.2653645579165,1,0.781906463127371,0,0,10,21.002004549948
1,12,1,0.441179480369356,0.436332312998582,0.740916442082086,0.855279835882045,92.1477619595096,24,0.484320895454999,0.583977313438614,4,98,144.364947634698
0,9.3,1,3.0495458047404,1.48352986419518,0.665950833556559,0.920806508994938,87.0288663139492,14,0.665647240557381,0.580163610093131,4,62,136.200525913739
0,20.4,1,1.60649543947575,0.0349065850398866,0.737672583798426,0.896443719399803,37.2292338506804,4,0.622780753615585,0.455132459663439,1,18,26.6724581535766
1,14,1,2.61313210476078,1.02974425867665,0.832010404030955,0.896415511707898,96.3403750238946,12,0.537682491330038,0.392289673151456,4,58,130.011661180962
0,7.1,1,2.73268482471065,1.15191730631626,0.947852274530778,0.793440865787338,74.9403237451488,8,0.513468862754034,0.306510400995135,4,42,82.9622245857824
0,15.1,1,2.71496516036006,1.15191730631626,0.710843373528731,1,6.51914297895525,1,0.753995983122614,0.798639712297129,0,10,4.36719259468606
0,4.1,1,1.21976544005909,1.22173047639603,0.999999999996844,1,30.1167147436962,1,0.78534923321546,0,0,10,21.2829916353285
0,8.4,1,3.12807996256363,1.55334303427495,0.501833157536041,0.776759662135595,80.1134212625013,9,0.445646649019847,0.353093663466871,4,46,84.5334366459016
0,2.4,1,3.02970238739,1.46607657167524,0.880557690238559,1,38.1434012209361,1,0.781965400988377,0,0,10,26.4498312075599
0,11.2,1,2.86105586183853,1.32645023151569,0.745669223481499,0.81460415808941,66.0226100249871,19,0.485143138173089,0.652954581120188,5,86,105.096533466544
0,3.3,1,1.47731954563631,1.46607657167524,0.78164768919304,0.904515386827258,65.3162483457672,5,0.648464327960538,0.26941694794457,2,26,62.581278642184
0,7,1,2.80635544107785,1.23918376891597,0.520326476305456,0.895196353863155,92.9339944788885,16,0.558702442251159,0.529675951843667,4,66,149.574415358338
0,9.1,1,3.06482076234714,1.41371669411541,0.489174311938109,0.863647431216199,61.3812509608723,8,0.532368187855298,0.484864837863897,3,38,63.2049309947055
0,13.3,2,0.551654982522517,0.488692190558412,0.891874392951408,0.824836019012312,76.8812615440467,17,0.570795842340852,0.712516840355096,6,82,88.9547216160593
0,3.6,1,1.05100170422055,1.0471975511966,0.199092425006993,1,45.7324686395297,1,0.43374812992203,0.282166639215314,0,10,26.0001958707422
1,4.9,1,2.11973834797132,0.541052068118242,0.536033292756606,1,73.5362729539983,1,0.702520736421222,0,0,10,47.0532032042683
1,14.3,1,1.64673696307811,0.0698131700797732,0.888782943616166,0.667330891323801,102.210808249665,13,0.410886022016736,0.685087902702287,4,58,88.6456506172577
1,7.2,1,1.39860551224305,1.39626340159546,0.345434841504193,0.821207743024345,141.10387119131,22,0.378468591929835,0.497285562685951,4,94,206.30086589255
0,7.2,1,1.54110208718286,1.55334303427495,0.468818046121766,0.888519578649856,129.016205411224,78,0.465184685763613,0.809489074631394,18,322,327.63701166489
1,12.3,1,2.51215037243372,0.942477796076938,0.843858216717681,0.759297757589324,120.151699440075,10,0.446686497432165,0.343481800329132,2,42,121.508256080959
0,6.7,1,3.12596892502068,1.55334303427495,0.441318789367737,0.987746440314177,50.9091592891758,8,0.69960716244185,0.667859940243205,1,50,68.4384867031176
1,14.4,2,0.740651931965791,0.767944870877505,0.756484458695376,0.789454311226311,63.4706529865647,11,0.535217856990504,0.511672133730806,3,46,65.2088938165004
0,10.3,1,0.148327834143409,0.174532925199433,0.460617617491187,0.829162796084547,62.2903448216985,9,0.462532461887767,0.451600428345451,3,42,64.1113019639515
1,14.2,1,3.0390128011715,1.48352986419518,0.69060560666466,0.80086630286697,126.488012150857,10,0.461078768610075,0,3,42,133.007129047769
0,7.7,3,1.8239150731205,0.244346095279206,0.271398482994969,1,88.0644128886485,1,0.525431066804849,0,0,10,52.9060260568487
0,6.9,1,0.31561566195361,0.314159265358979,0.380476253133858,0.813433121497612,77.6178409197,14,0.443215587211068,0.60162054401819,3,58,84.5136022324525
0,7.2,2,0.300311344641743,0.279252680319093,0.359016235954368,0.978407264168096,47.6875523852058,4,0.622211723688808,0.273794551816292,1,26,40.2056591366268
1,5.1,1,2.78007884804371,1.20427718387609,0.327846302602991,0.962918339045454,122.628698130625,6,0.55432161691478,0.151343931163747,4,30,96.5620694659488
0,3.5,1,2.944197093759,1.37881010907552,0.926229508133732,0.941416143599576,28.1173775298512,4,0.679431317287521,0.394370787319023,1,18,24.4417786416724
1,5.4,1,2.8830387676671,1.2915436464758,0.199454238202176,0.815876424283867,205.86269243153,10,0.30532260082601,0.318807928036724,3,42,161.605400012814
1,11.3,1,1.66502860879908,0.0872664625997165,0.370638186883804,0.83287767536471,117.414081663803,17,0.485957781967501,0.612388239447061,5,74,143.678770301339
1,11.3,1,1.50837751679894,1.50098315671512,0.542919956027144,0.666109887200897,216.943160563495,15,0.295476087569755,0.316250210158609,4,62,205.952168958403
0,4,1,2.40699819423248,1.20427718387609,0.781307129846294,0.790965961362155,71.8702462829355,16,0.522924445976553,0.546014801640482,5,66,97.5908238229011
0,3.6,1,1.51727605837862,1.50098315671512,0.785660754329778,1,24.6963013606844,1,0.769343600276043,0,0,10,16.7453694084664
0,8.5,1,1.64942178404996,0.0698131700797732,0.652877612206071,0.967282406440395,83.8467829360091,6,0.701525595619007,0.418081295400928,2,26,73.9340905407611
1,6.9,1,1.69022525281678,0.0872664625997165,0.633612485756022,0.912668463610026,65.6085940454403,6,0.642523049761755,0.270385859999966,2,26,58.2365194266721
1,9.3,1,2.78232619754278,1.20427718387609,0.452236196862275,0.99196327790194,79.0122327850365,5,0.663359724411492,0.508907522334103,2,26,82.5966862005679
1,5.4,1,1.5676417631264,0.0523598775598299,0.966719323870886,0.772099795510481,182.732458097533,11,0.495914209762216,0.381031737773967,5,54,200.364936964791
1,12.1,1,1.36330010035808,1.36135681655558,0.743068391839544,1,55.8179475692241,1,0.768225500444233,0,0,10,37.928479279237
0,3.3,1,1.53509721412122,1.53588974175501,0.372572815760529,1,7.81309395378836,1,0.633007550766007,0.80793030629605,0,14,4.90564651822371
1,6.2,1,1.28094983689239,1.2915436464758,0.844367970867765,0.476151381767447,409.996643833052,19,0.124218102852529,0.456794605785603,7,116,336.639288836186
0,7.5,1,1.084764397442,1.09955742875643,0.163929863575131,1,13.6886642405183,1,0.356779057701494,0.632845796764119,0,10,7.5843079748613
1,6.1,1,3.02448390903659,1.44862327915529,0.723913043463265,0.922069775449117,138.247066671219,20,0.642709589287478,0.643085173624485,6,82,196.554094702117
1,11.6,1,0.117872103202836,0.10471975511966,0.980623818508113,0.833739979090363,72.9042554904614,9,0.593819670859904,0.223691759313667,4,38,81.6491913201697
1,4.7,1,0.119903985383177,0.10471975511966,0.855823437673078,1,36.6214602162693,1,0.78061282897056,0,0,10,25.3090124492889
0,10.9,1,1.72240181425775,0.191986217719376,0.336098020591425,1,18.6234026658756,1,0.559964901650318,0.508037624734035,0,10,11.1006938156664
1,9.2,1,1.27933953231183,1.25663706143592,0.50171762279973,0.744582782121962,175.868979048216,21,0.361303647597069,0.544010924189014,5,86,179.877580259797
0,3.7,1,2.52395754074409,0.942477796076938,0.964658279045088,1,68.2335840116742,1,0.783808753101586,0,0,10,47.8172566201662
1,10,1,0.953604935208497,0.959931088596881,0.957359009503213,1,14.7890485689776,1,0.784838127419021,0.422357893986079,0,10,10.4037502756763
1,6.6,1,2.8835854117263,1.39626340159546,0.8132054985459,0.523172767054403,378.527121845005,42,0.137323610540517,0.607344484651661,7,170,385.026985677964
1,9.3,1,2.52692970159826,0.959931088596881,0.780039721925695,0.947704737377791,33.763695909195,7,0.711165377648657,0.495809335830209,2,30,38.3215006788991
1,5.5,1,2.15590876498507,0.593411945678072,0.272390891859572,0.98808497295207,55.2250754840975,12,0.519373847864599,0.6237099727802,3,50,59.7536885945168
1,6,1,0.546480032123786,0.541052068118242,0.759363147413994,0.684307765496703,240.158115680689,18,0.25702856205251,0.587419291489678,5,74,203.755591101699
1,6,1,0.090357315355302,0.0872664625997165,0.917238225884943,0.44001161781302,379.629182858471,37,0.159836387935044,0.530103170501961,8,162,399.84639057555
0,7.9,1,2.23183949566419,0.663225115757845,0.184170471787176,1,13.5277834125395,1,0.415443487924354,0.617970281488422,0,10,7.6432668828433
1,5.9,1,1.23817663521984,1.34390352403563,0.747750806333492,0.695391948477526,200.360293902565,12,0.342056165654722,0.463722660272239,3,50,171.296634922873
1,19.9,3,0.153564002135026,0.645771823237902,0.764569865401492,0.412952983645961,600.804243700977,66,0.0995481566056521,0.359735346731322,7,270,623.240906867997
1,4.8,1,2.44457127633657,0.872664625997165,0.968188600418749,0.537404893876297,326.804077578321,29,0.172322544702635,0.36040660011861,4,118,330.758018754604
1,4.9,1,1.63365048722034,0.0698131700797732,0.350283027920676,1,75.4641781269334,1,0.609601712557095,0,0,10,46.0907640618656
1,4.5,1,3.05689014268575,0.0174532925199433,0.484029045568928,0.752092249578792,208.652006103662,23,0.375864018644156,0.484144984190586,5,102,264.546972269513
0,10.6,1,2.29377568041382,0.715584993317675,0.46887159525331,0.923580786152026,6.54591581048366,3,0.620268040959115,0.842063185528823,1,14,4.5202881012257
1,8.6,1,0.393698223999776,0.401425727958696,0.783118070653724,0.784215353075744,104.149615885482,10,0.421026389677225,0.108024823393509,2,42,98.796867452309
0,4.2,1,0.106735672583808,0.139626340159546,0.501891551538295,1,8.26354842449269,1,0.692853941272285,0.735468542098894,0,10,5.25628788469174
0,5,1,1.30683260316704,1.30899693899575,0.507317933360029,0.985716952946167,43.5638843250557,2,0.699164649040568,0.323224446371119,2,22,38.054391452614
0,8.7,1,1.5490606199608,1.55334303427495,0.869626830373642,1,17.1034476074218,1,0.782047665747615,0.235554923441732,0,10,11.8656020318245
0,3.8,1,0.418224329525161,0.418879020478639,0.947750362745483,0.997348945092753,26.9209926385961,2,0.782775785731801,0.327083830428504,1,14,21.3069438548446
0,16.7,1,0.404891786894025,0.401425727958696,0.938461538303103,1,3.18378077037708,1,0.781023502397289,0.907261423479807,0,10,2.23828787753106
1,8.4,1,2.80213658703756,1.0471975511966,0.470180038144901,0.617791920592166,190.524118457428,12,0.312862453758731,0,4,50,163.6190201156
1,18.5,2,0.629744453010249,0.733038285837618,0.582744962950031,0.848909378841372,84.2923359944862,8,0.587826239842695,0.436444027073204,4,46,95.616743330263
0,10.3,1,0.427797995922612,0.418879020478639,0.391701854850128,0.910499179174797,64.8284401871666,17,0.588741209188175,0.703842412838942,6,70,90.4743866271386
1,8.6,1,2.55732137612203,0.977384381116825,0.850261074684539,1,28.6975040683044,1,0.787432606138448,0.379883233029698,0,14,21.1146101845035
1,17.1,2,2.81984209920348,1.30899693899575,0.598619329358914,0.688833992948488,111.5527616819,38,0.406891684960484,0.707135848815359,4,154,168.871747861724
0,3.7,1,0.606000659895937,0.610865238198015,0.726018010936853,1,49.0844442916016,1,0.769071794289802,0,0,10,33.3456146379277
1,7.6,1,2.63036194131804,1.06465084371654,0.307884424900931,0.62629624710742,137.36997169481,62,0.298221829389129,0.868275965361357,6,282,263.070068764479
1,6.6,1,0.498823709176227,0.488692190558412,0.827678257076113,0.45889566252844,538.658103081639,56,0.175818068119665,0.591149858765309,6,230,622.187074145743
0,3.7,1,1.20681737028832,1.20427718387609,0.700221852493246,1,53.5573437006814,1,0.762773368116108,0,0,10,36.0326751610256
0,7.1,1,2.99603261171449,1.44862327915529,0.465594576154258,0.780710718624808,78.061703237354,24,0.417495308120591,0.603530958399942,5,98,119.062334253671
0,7,2,1.5707963267949,0.0523598775598299,0.794701986725558,0.847014037601411,50.2115116742895,10,0.621042488501628,0.505564373882414,4,50,67.9564444936874
0,8.6,2,0.0544914562069654,0.0523598775598299,0.850032959979673,0.944833625221897,19.4087743649289,3,0.719888244839174,0.437348311295921,1,14,14.1967463946221
1,14.6,1,1.62117383397923,0.0523598775598299,0.48169905106316,1,69.7414717591864,1,0.693067403304709,0,0,10,44.4040029624162
0,10.7,1,3.12710091451198,1.53588974175501,0.951171874955998,0.784225837728351,66.7866337858125,8,0.512633145627364,0.453273671629978,4,38,67.3136298923814
0,13.2,1,2.78173738505145,1.20427718387609,0.520192693678109,1,33.0791123882017,1,0.712711784908351,0,0,14,23.9611072393011
1,11.2,1,0.591292065354678,0.593411945678072,0.736213440518077,0.831288922434439,70.6771130082603,16,0.609481971448734,0.731895386571469,3,66,70.2885919325081
1,6.9,1,2.81984209919117,1.25663706143592,0.511363636378827,0.996973014752419,83.1961982095692,4,0.702609256649999,0.421402479645463,2,22,63.3890541232953
1,11.3,1,2.62123735007906,0.855211333477221,0.776076447010054,0.849697989712374,177.660672336131,35,0.598991827183323,0.695031494999221,5,146,325.059686119288
0,3.7,1,3.11129889347028,1.55334303427495,0.380157405168958,0.87830047682712,67.4116754591795,10,0.511895406960515,0.622018991078831,3,42,64.9770226381772
0,6.4,1,0.347606859741918,0.331612557878923,0.242307000191652,1,74.5169992082375,1,0.479613707663987,0,0,10,43.0594452829041
1,15.3,1,1.30975256388849,1.48352986419518,0.60646128225742,0.589409683747981,174.511138951249,16,0.301809814541264,0.401701200565768,4,66,150.692323083584
1,4.6,1,2.90310038597258,1.32645023151569,0.877016747960411,0.388613711504609,221.65601419113,30,0.164148532300035,0.485152955410663,4,126,196.454047918174
0,4,1,2.52905509700419,0.959931088596881,0.516609826973237,0.95134424831368,52.0555521194522,4,0.62111187392308,0.204334345814956,1,18,39.7272664258462
0,11.5,1,2.6233370110826,1.06465084371654,0.916669363466219,0.754099028176088,92.7748645525609,36,0.40557729161708,0.776520559732403,9,154,130.374696648656
1,12,1,2.70023434623954,1.13446401379631,0.886141329224915,0.937709676643662,61.3004465702229,10,0.658976680534028,0.655414939103447,3,42,83.325466768209
1,10.7,1,3.02024065303008,1.44862327915529,0.779291553128338,0.919910660666443,91.1126946254688,6,0.660877387693364,0,2,26,83.9324159263744
1,6.1,2,0.969281032220745,0.959931088596881,0.492002728423106,0.967195209216444,71.9135202248489,5,0.623998846321376,0.408448051561191,1,22,56.3377299792071
1,13.7,1,2.44114767902081,0.872664625997165,0.468490963807277,0.870520814309722,94.5717604750248,20,0.569853798726961,0.768339686194439,3,102,144.522359226791
0,9.8,1,2.2996510532481,0.698131700797732,0.667534722250273,0.855243212124495,71.3572858668767,10,0.549991022501287,0.522327947291025,4,50,91.5416689314652
0,3.6,1,1.49282969296161,1.48352986419518,0.770712549119376,1,29.1037757289334,1,0.771758713695697,0,0,10,19.7931466731081
1,7.6,1,0.592745650996824,0.0349065850398866,0.671749313902079,0.741099486768234,153.979241250727,14,0.448098450310439,0.214862346407282,4,58,178.348910861843
1,13.3,1,3.04433945536089,1.53588974175501,0.857716090001953,0.727460898207847,164.86077920912,20,0.346114017919083,0.344279956494457,4,86,206.440819001067
1,5.9,1,2.70623937849574,1.13446401379631,0.546271556970374,1,26.6192061936828,1,0.712662055402194,0,0,10,17.1447816682656
0,2.7,1,1.98448554004619,0.401425727958696,0.754882812514067,1,15.5099363041475,1,0.766859657055177,0.371936650508937,0,10,10.5004793503957
0,5.3,1,1.3379825137114,1.34390352403563,0.350160900957358,1,26.9236032798336,1,0.603632015161149,0.334522904170789,0,10,16.3553695225891
1,9.7,1,1.58503024085845,1.50098315671512,0.694602510073804,0.616525260104976,154.73042786636,12,0.293301854207735,0.26429390476391,3,50,133.154759560814
1,6.1,1,2.06392600757825,0.506145483078356,0.720466946936082,0.47049509317539,255.173578192479,26,0.205869953252997,0.450845557200837,6,106,240.810479000669
0,12.7,1,2.94176400855489,1.36135681655558,0.63411852606739,0.805336878677712,100.898000444492,26,0.474793578027019,0.634724762693873,5,114,178.915138489062
0,9.1,2,0.105489308537209,0.10471975511966,0.365857761711523,0.903251006559722,72.9412625079657,4,0.532527997683275,0.562689083736065,2,38,71.8266106864175
0,5,2,0.982793723247329,0.994837673636768,0.464615384594967,1,24.9656924229184,1,0.680450299815518,0.168450297368986,0,10,15.894422376702
0,14.6,1,2.78282198335672,1.23918376891597,0.689761694611514,0.867749144164474,92.7133061110581,28,0.533618024397613,0.689046271054491,8,130,197.275506251009
0,10.8,1,2.87368223110086,1.2915436464758,0.49707436769967,0.743525467151903,140.171012052974,87,0.30067836047041,0.817760987738044,15,354,275.353783492803
0,6.5,2,0.717705140704395,0.715584993317675,0.201601372632266,1,18.0579186161922,1,0.421976825272178,0.487225257859106,0,10,10.4552114592702
1,6.6,2,1.62272093680098,0.802851455917391,0.479589281251979,0.403357457921487,254.364608452142,24,0.182933005516267,0.509537233533364,6,106,241.305694817463
0,10.1,1,1.82416053759715,1.2915436464758,0.547848587286258,0.755674268504925,59.1747728564608,18,0.50003095057475,0.706400881075056,3,74,89.6724786082657
0,8.1,1,2.95690827348368,1.37881010907552,0.390490081651115,1,50.2692822925705,1,0.628765901807045,0,0,10,30.9006797276866
1,8.3,1,2.60690374961107,1.01229096615671,0.400343393817208,0.828915781520172,115.762471511527,30,0.472733985831166,0.702707267913623,7,126,206.652536708452
0,4.3,1,1.77981926958735,0.191986217719376,0.627416520121968,1,21.2734880163735,1,0.74138487108851,0.21759218670792,0,10,14.006238618107
0,3.3,2,0.959443403265104,1.30899693899575,0.616220925794751,0.900670356889,54.0888153986104,2,0.695411346883009,0,1,18,44.1803537746781
0,21.7,1,2.25927686236498,0.680678408277788,0.822964231250949,0.932513697727921,35.2258181435804,9,0.706673249472905,0.688917052163553,2,42,37.0183099730315
0,3.5,1,1.11959620763184,1.11701072127637,0.771819590348757,0.999156023184361,38.0166982558696,1,0.772013915405788,0.355571868915823,1,14,27.5279384628217
0,2.5,1,3.1350138011,1.55334303427495,0.460549664599284,1,44.2023676386191,1,0.677247125678253,0,0,10,27.8587946108553
0,10.3,1,0.408907828942478,0.418879020478639,0.49188958458747,0.915813480757404,63.5393648500255,8,0.574944984579656,0.473655702607414,3,42,72.6237027110073
1,4.8,1,3.09616937416106,1.53588974175501,0.774961597620797,1,20.3315615489696,1,0.772454767560123,0.0728228029959191,0,10,13.8874700830017
1,10.2,1,2.54470498496786,0.977384381116825,0.411711762812195,0.902505605926237,98.1025996160042,4,0.543915718727232,0,1,18,73.0495665229041
1,6.6,1,0.996364318704671,0.994837673636768,0.865276524878165,0.504518030028459,420.561481360276,116,0.127733358411964,0.784715140606203,7,510,600.867882717606
0,4.1,1,0.0826515159330103,0.0872664625997165,0.555621157934063,1,52.5691372408119,1,0.719419318298133,0,0,10,34.0167694305752
0,3.1,1,2.01660385756722,0.436332312998582,0.199823924600457,1,124.874985710635,1,0.427080996273126,0,0,10,70.8312174940147
0,2.2,1,1.98602366235542,0.418879020478639,0.473378509338774,1,29.1881713004675,1,0.684553916725577,0,0,10,18.4818194984497
0,13.9,2,1.27933953232122,1.25663706143592,0.470959027444574,0.796659778348208,126.660640478699,55,0.424268943873709,0.790609996251426,9,250,303.38499149175
1,5.7,1,1.49131808215392,1.46607657167524,0.854591836735006,0.935340749266999,113.882431072968,5,0.70880789479328,0.27683365969866,2,26,99.4645195541576
0,3.6,1,1.3981148351783,1.39626340159546,0.461291689365347,1,54.9639851039391,1,0.674669223892408,0,0,10,34.5908645580239
0,6.3,1,2.15407455603321,0.575958653158129,0.881129791506405,0.808045067284743,78.102651805116,7,0.536314087999335,0.39482871005356,3,30,57.2561106971081
1,11,2,1.33878710506689,1.34390352403563,0.958138133137425,0.887386377351489,75.35196936251,16,0.569323552074201,0.590298463356974,2,66,109.831166177043
1,5.2,1,1.27772369853665,1.27409035395586,0.798202351523483,0.518627467525194,304.981138242679,20,0.145298858519679,0.227592507724709,4,86,249.421816887026
0,2.8,1,0.0307595261744024,0.0523598775598299,0.813785557979696,0.924751066863569,24.763942610728,4,0.66607089456549,0.474651353087728,1,18,20.0362630147155
1,7.3,1,0.948262000938316,0.959931088596881,0.44726789577045,0.970498667683341,44.7623736901799,5,0.639585566641731,0.424479201038552,1,22,37.9367781827298
0,8.9,1,0.206323894117459,0.20943951023932,0.409394157986819,0.898493153732699,69.3740589219733,14,0.528568473857762,0.676405932891813,5,66,90.6021382539685
1,8.3,1,1.15973177940666,1.23918376891597,0.813550027414192,0.605902842423161,223.917994990823,36,0.224305719840969,0.576529830759848,4,146,252.748297041064
1,9.3,1,2.5565168709468,0.977384381116825,0.415600485045934,0.988143357581032,78.9507687328475,3,0.628386684299357,0,1,14,53.5278960560719
0,11.2,1,0.349025068618552,0.314159265358979,0.609788644976564,0.809622325740514,192.342418375866,76,0.372197267622463,0.713500467919249,10,310,448.486712970411
1,5.4,1,2.84547750771101,1.27409035395586,0.815797821728396,0.586264395278271,114.518031774412,21,0.288048446453225,0.58007897836126,4,86,126.412912376755
1,13.6,1,2.99419779243733,1.41371669411541,0.444890026610703,0.60878929692628,178.405952879177,11,0.287358545815361,0.185471253061134,3,46,152.01839138827
1,12.5,1,2.95481884902932,1.39626340159546,0.30517879157113,0.910205752242619,87.8443754017186,11,0.470784901326824,0.481474052060456,5,50,91.2451461934148
1,13.8,1,2.7865211033374,1.27409035395586,0.617926443136205,0.779958263673002,86.4928936113195,21,0.47400501348257,0.638444305584214,5,94,121.218003330945
0,9.7,1,0.948764311566491,0.942477796076938,0.466637318411446,0.91328446272954,75.5873049246144,22,0.505563305615605,0.696575705787559,7,98,134.898157342104
1,18.1,1,0.511855842430707,0.506145483078356,0.500527780512361,0.998641699835916,30.4042438875202,2,0.699605839781198,0.409178408394186,2,18,23.8198464627176
0,8.6,1,1.5707963267949,0,0.586206896552955,0.855106313301291,86.851961723981,17,0.500130093079842,0.524840602843182,5,70,122.775297287649
0,7.5,1,1.06746732526367,1.06465084371654,0.78090549396542,0.88311548945004,64.778258108545,4,0.616111781633636,0,1,18,51.7750885770193
0,7.3,1,2.6882539577805,1.11701072127637,0.41058201057411,1,36.4117843887473,1,0.641484680373787,0,0,10,22.5194635535005
0,3.4,2,2.46685171129052,1.2915436464758,0.349593496352943,1,4.42095277513466,1,0.414703620794186,0.820074397025472,0,6,2.44866368919814
0,2.5,1,1.0963964439775,1.08210413623648,0.652355763296909,1,64.0108483829738,1,0.750123059778566,0,0,10,42.4552114636652
0,11.8,2,2.77806577661692,1.20427718387609,0.638259229471349,0.830247321776947,97.0926229150041,14,0.502082828756817,0.391271902192605,4,66,131.183158012658
1,4.7,1,2.15323105915942,0.575958653158129,0.736702080634181,0.934904235478452,156.390597704389,5,0.677400732049199,0,2,26,165.62895130048
0,8.7,1,2.90674388993903,1.37881010907552,0.444020687087139,1,54.9286084070152,1,0.722852689046932,0.460440951539553,0,26,50.9160531654576
0,5.9,1,2.80023676826992,1.22173047639603,0.708477572386727,0.812512960274774,59.1337045335441,26,0.492837601359221,0.78348549501277,5,114,99.8621676050147
1,9.2,1,2.72610055766394,1.15191730631626,0.285349668204909,0.76840332158799,71.7528779021903,6,0.317327691964256,0.287982463972537,1,26,48.9659707246433
0,2.9,1,1.63865314967363,0.0698131700797732,0.927105080132819,0.995972437873856,40.9474714276221,3,0.769146126195556,0,1,14,32.051038981202
1,18.8,1,2.47073518699123,1.0471975511966,0.502033641267676,0.506625210230274,262.566036558363,28,0.210577760896066,0.375924716006331,6,114,301.92228521463
1,13.3,1,0.704827619927585,0.750491578357562,0.367053827899583,0.832985386206208,129.590285462767,17,0.453817725242413,0.511309730926424,4,70,170.758655055841
1,9,1,2.52479142982011,0.959931088596881,0.343549078463227,1,17.7972475677464,1,0.587371124196957,0.57650469317656,0,14,11.8525387624427
0,7.6,1,1.63887278505245,0.0698131700797732,0.486658932737725,0.840207000971227,69.5104513527811,17,0.483491715246168,0.615214012818547,6,74,105.899530877736
0,10.8,1,0.0867383385503517,1.51843644923507,0.474137931023931,0.866587839520313,83.6519870210916,34,0.46723057052625,0.754277602927964,10,142,158.275677389873
0,5.6,1,1.58508106937997,0.0174532925199433,0.503896103779933,1,21.2076938052761,1,0.699472380995672,0.312073747814744,0,10,13.5456397478893
0,3.7,1,2.88815668105004,1.30899693899575,0.325702221253096,1,159.69084232064,1,0.582308863958075,0,0,10,96.1005387071162
1,6.9,1,1.91025239335531,0.331612557878923,0.514863756845973,0.721335994306549,161.497438256086,54,0.37876771894363,0.828623656611288,6,222,241.911679443035
0,14.3,1,2.94419709265923,1.36135681655558,0.283018868150728,0.699731903636906,12.9342542823176,8,0.294075497961411,0.844139874108319,3,34,9.85369362956992
1,3.5,1,0.270946850320007,0.261799387799149,0.701287793979229,1,64.4357072663107,1,0.76113223630176,0.442216638712298,0,14,43.3066282853451
0,7.2,1,2.83623407346883,1.25663706143592,0.467947084315445,0.900867631233716,130.862020832655,16,0.5558194266973,0.582158848230974,5,70,161.531485618501
0,5.6,1,2.72469458327953,1.1693705988362,0.568107932523875,1,24.2908198857964,1,0.739656877592794,0.247991607662374,0,14,18.1225414496534
0,8.6,1,1.27291391794312,1.27409035395586,0.449637182393463,0.99963691376774,103.93827656064,1,0.672528415638025,0,1,14,70.4958999221552
1,13.7,1,0.583229370108094,0.575958653158129,0.537192755490141,0.431296307723307,391.599496593864,35,0.12025434158985,0.459834449862206,5,142,327.429533366678
0,12,1,2.91373560488724,1.36135681655558,0.476077022218329,0.764199370777262,107.527122771524,64,0.401268904520724,0.825248087424715,12,262,250.045677996916
0,9.7,1,0.294234565029584,0.279252680319093,0.906040268606165,1,14.2145035788533,1,0.780842038822664,0.458590619976438,0,10,9.98145225122743
0,11.1,1,0.0137448388217092,0.0174532925199433,0.514622713948446,0.846670156915097,87.5141733266892,4,0.517431418680868,0,1,18,59.6756556908049
1,7.6,1,3.0739875043606,1.30899693899575,0.46526542514918,0.600635671032431,137.609136991782,66,0.298470200903631,0.830419410082526,6,274,254.336094714413
0,6.9,1,2.91050198636462,1.34390352403563,0.681754680052294,1,68.3315939380479,1,0.755038842313853,0,0,10,45.5368807347578
0,14.2,1,1.52083793105618,1.51843644923507,0.744297719350551,1,14.1117342011387,1,0.772063572660402,0.46477388760924,0,10,9.61949516805895
0,16.9,1,3.10695304962063,1.51843644923507,0.410249619289107,0.934267527879184,79.4155471902153,13,0.595140467299149,0.55372297669553,4,58,109.131012575907
1,12.8,1,1.17298748710617,1.20427718387609,0.497874769268704,0.818949860057589,122.508495988057,13,0.460599052312549,0.267274610021555,5,62,156.137773804041
0,4.4,1,1.48989222768929,1.48352986419518,0.201845613002426,1,42.0096580034146,1,0.341428825039004,0.457929104549466,0,10,23.1136655480776
1,10.9,2,2.16663751559616,0.698131700797732,0.953511596006283,0.736434305473184,107.620429577872,26,0.471785853960059,0.728028219601009,3,106,148.973084646379
0,4.2,1,3.13241859897121,1.55334303427495,0.228856974950609,1,26.6045863654469,1,0.464445309776044,0.483045891496803,0,10,15.2895074157072
1,12,1,2.64516990021414,1.06465084371654,0.537901758621521,0.890423455787113,91.8442962059812,5,0.574347752519195,0.257176873310831,2,26,71.9080117762558
0,7,1,2.94419709366209,1.44862327915529,0.4135472371188,0.821213239818699,60.9410118447402,12,0.45165491466402,0.632367111389096,6,58,63.4616579320171
0,5.3,1,1.62160003085602,0.0523598775598299,0.640897755585085,1,39.4026264182269,1,0.751764352963674,0,0,10,26.1871884650839
1,10.1,1,3.05771908934888,1.48352986419518,0.610441298704258,0.853920902983397,101.480354211125,17,0.49111073676899,0.521547243457492,5,74,152.035249955781
1,6.5,1,1.39270338855752,1.34390352403563,0.498814229253383,0.899758937463821,103.186442301626,5,0.570467361049719,0.193477203321072,2,26,74.9471282384472
1,11.9,1,1.8551811033855,0.314159265358979,0.736024162534211,0.727875886690712,92.1576339775729,7,0.434213722223341,0.27245085973065,3,30,77.7245158647705
0,3.3,2,1.3798731684603,1.37881010907552,0.756958174915858,0.9283357979705,53.3349982155375,4,0.721038853910251,0.378569236924583,1,26,52.2145564246773
0,3.8,1,3.10401636426746,1.53588974175501,0.874303678790615,0.962713103580765,50.0328644424914,4,0.727114218359311,0.310945728089506,1,18,42.8506217269764
0,7,1,2.77889383291207,1.20427718387609,0.30298154061164,0.985262749695277,53.6920392515786,5,0.55370605099402,0.245939482081144,1,22,41.1978841242566
1,10.7,1,0.00390623014304381,0,0.670363565671466,0.584479328289663,254.841388725456,8,0.245276304706823,0,2,34,181.548536029334
0,14.6,1,2.7563437646094,1.18682389135614,0.94584891374001,0.932783658264793,124.05196700752,33,0.646210342812846,0.780524643807014,8,146,233.506463355658
0,4.6,1,2.94215210675638,1.37881010907552,0.563397642011743,1,57.2204567499876,1,0.676220728556747,0,0,10,36.0405251654441
1,10.9,1,2.33469242821741,0.767944870877505,0.642857142886572,0.792150521821899,69.8832074750321,11,0.485333681997991,0.452464846430887,4,46,65.3083830605764
1,8.6,1,0.783833219450697,0.837758040957278,0.895057492188862,0.375320436033274,398.421249706532,71,0.0992132145565138,0.779669114845839,4,344,486.460041075292
1,8.1,1,2.2578008051076,0.698131700797732,0.630267430407927,0.999908603449738,52.7276489169566,1,0.741745403358075,0.140302442299967,1,14,38.7378166262152
1,18.8,1,0.24244702296902,0.244346095279206,0.861550573568587,0.93230919640709,103.78566492723,9,0.678637597678064,0.392527477211118,4,42,149.679407594931
1,9.4,1,0.310256807673619,0.296705972839036,0.914592974732462,0.505918388831191,147.887474561688,15,0.262402870016336,0.379079215929635,4,66,128.20696607459
1,10,1,2.88733043752349,1.36135681655558,0.745194022767746,0.948058927079644,97.1080088524009,7,0.68178474389152,0.435327459617475,2,34,100.089623864122
0,6.8,1,2.58659692615933,1.01229096615671,0.498870481991387,0.922539638196603,51.3139284893797,3,0.630342217233611,0.415243526971002,1,26,47.1768985385533
0,2.6,1,0.286051441697779,0.279252680319093,0.853356890580141,1,23.3022047153702,1,0.780375099566393,0,0,10,16.1106185900584
0,8.8,1,2.86956032199354,1.2915436464758,0.537076880093923,0.908939541827971,89.5218968271242,14,0.62058270821066,0.529110664680031,4,58,121.214647683298
0,5,1,2.85887150532616,1.2915436464758,0.58737733201492,0.985109097316419,62.8032533981471,7,0.713456595225877,0.631319306267799,4,38,66.8706304673654
0,7.2,1,1.00041304514064,0.994837673636768,0.610712577795147,1,20.772198499483,1,0.739156760871868,0.243742704641805,0,10,13.6612669560066
1,29.1,2,1.02014953548253,0.436332312998582,0.772797676663291,0.768338249754369,345.786469373983,79,0.383927212289986,0.530962790458707,8,318,821.20160731793
0,6.4,1,0.312346442886804,0.314159265358979,0.836428969043455,0.812757323250808,68.9324998142091,10,0.54555681243161,0.313377420430481,4,42,82.569210863072
0,9.5,1,0.237249348479926,0.244346095279206,0.355131698446873,0.785031366700859,124.890168606982,63,0.303968551978402,0.779559234309542,7,254,244.856493522565
1,20.2,1,0.710069272574793,0.698131700797732,0.825256117621374,0.513913658210789,401.877996605427,37,0.143385588166725,0.126732597435973,5,154,407.750369833323
1,30.8,2,1.64916949772298,1.55334303427495,0.991048737144347,0.440407348040268,171.151433536323,27,0.0813518208353627,0.644373204128072,6,174,187.247651096731
1,14,3,2.2269511741628,0.541052068118242,0.29356278648025,0.717542099046233,182.749059558456,21,0.367235731231708,0.527879056709937,5,94,190.860413212009
1,10.2,1,2.00770134155961,0.453785605518526,0.539139218714696,0.757143223547127,97.7523595588372,21,0.388207894346393,0.626353877033799,4,86,118.120859798971
1,8,1,2.3914739637416,0.820304748437335,0.883643333817296,0.879006862197542,90.2479515442354,10,0.577095118555637,0.411137461716263,4,50,114.24369790603
1,5.7,1,2.78728424732777,1.22173047639603,0.572624365700953,0.902645852970528,90.6181688896741,5,0.542433536993842,0.0956609153711697,1,26,78.9459130463004
0,3.5,1,1.32944083623578,1.32645023151569,0.483032172664367,1,19.866375588681,1,0.688698440743102,0.37425545742992,0,10,12.6051430620822
1,17.4,1,2.82331430753768,1.25663706143592,0.606740445134112,0.956912896414174,67.1368944329641,10,0.717622274358853,0.534540514176647,4,42,77.2107228239039
1,9.5,1,2.88737210934971,1.32645023151569,0.910309638353134,0.581253253835795,157.682717816446,10,0.310353047930957,0.339607330904309,3,46,144.334852341427
1,11.7,2,1.17773830756405,1.06465084371654,0.671647509552047,0.805101784360957,56.4815202845537,6,0.504756392643148,0.0136133233158837,2,26,49.5213960404935
0,3.7,1,3.08759115336661,1.51843644923507,0.872325249794088,1,14.0138325327605,1,0.782568701362367,0.470588725088027,0,10,9.74132462256995
1,11.1,1,2.88526159262026,1.25663706143592,0.69533353937076,0.894709988919767,88.0343641006225,9,0.582897529949841,0.336181451668602,2,38,99.1162799978106
1,5.8,1,1.30301756127481,1.30899693899575,0.740107545057949,0.672506488691626,106.813714312386,12,0.359588471607142,0.275035086273381,4,54,102.162564750215
1,8.5,1,3.02812860129934,1.46607657167524,0.365806909775471,0.686899943807241,128.89933294029,10,0.318987682112506,0,3,42,99.5751057200282
1,16,1,2.33901405019106,0.837758040957278,0.801452677304116,0.780695228750289,76.4951242188919,5,0.495814546324191,0,2,22,57.3374036154559
0,7.9,1,2.84903088719217,1.22173047639603,0.452113298304253,0.85222969875772,66.8557540326905,24,0.496729178653087,0.76394994611238,3,98,103.573208434212
1,11.6,1,0.807228755918082,1.02974425867665,0.414651738968209,0.656305502363603,168.672793872238,38,0.333778005424055,0.733915287358777,4,162,264.422711364603
1,10.8,1,1.21309005206929,1.25663706143592,0.507775389728158,0.720903796724865,81.1707574027002,24,0.393106052524197,0.65851552255692,4,102,115.34516197524
1,6.3,1,1.82597871741314,0.261799387799149,0.479646017700389,1,27.6850585870436,1,0.680076421475964,0.124679685319406,0,10,17.4767758297659
0,5.8,1,2.1995926133712,0.610865238198015,0.334237492512579,0.989931362316702,63.7929119830123,7,0.572282855795777,0.495875409276936,2,30,56.6104031626103
1,4.7,1,1.5707963267949,0,0.741025641035193,0.748671048532259,134.386527146833,12,0.443444133004243,0.378635579671979,3,54,161.605374851783
0,9,2,2.98764798923102,1.41371669411541,0.641830237007884,0.750493276276437,82.3638574963684,12,0.457979943252758,0.347239084310104,4,50,90.2935088761554
0,3.2,1,0.0713074647650612,0.0698131700797732,0.528026905992797,1,17.8421150842958,1,0.693962594692669,0.391315315797947,0,10,11.4362962949794
1,11.2,1,2.79938459550791,1.23918376891597,0.975268887508453,1,95.2457208542402,1,0.784394974473748,0,0,10,67.2189851075487
0,10.6,1,0.136643162447825,0.15707963267949,0.829852579820542,0.845190061583628,74.8908024268239,16,0.53504119159134,0.580132870670311,4,70,102.432618403094
0,6.2,1,1.53671861520849,1.53588974175501,0.443828195470456,1,25.1272464557855,1,0.668046536275375,0.267411771030421,0,10,15.7571026782681
1,18.5,2,2.596308702454,1.01229096615671,0.519895886235585,0.878901230044851,94.4061988589474,15,0.540003127602855,0.476856306913774,4,66,126.387642769933
1,11.4,1,2.9716072545154,1.43116998663535,0.9947335394866,0.619587778165844,165.463272434042,17,0.265123892676886,0.2259128463697,4,70,150.122316313373
1,4.7,1,1.9720251257879,0.401425727958696,0.509232060431648,0.961197407041529,77.1901615554458,6,0.662978475886837,0.422479494759418,3,34,84.3770637020736
1,6.7,1,1.77232409452994,0.20943951023932,0.300475759853179,0.966761450739608,138.819273080819,6,0.52432937707408,0.382392889532605,3,38,125.388530828387
0,11.5,1,3.02733832559831,1.46607657167524,0.535116469657361,0.844537682573182,81.5253006508137,18,0.506162119382821,0.545809708998081,6,74,118.257160664311
0,16.7,2,1.63931634234843,0.0523598775598299,0.927861030814552,0.833841415996556,119.731026024334,39,0.469948603981832,0.70750010171048,10,174,244.057162076844
0,3.2,1,2.48134345044067,0.907571211037051,0.141860820811719,1,100.641214900993,1,0.335428963563162,0,0,10,55.3877868720041
0,3.8,3,0.141897054604164,0.139626340159546,0.364000000320375,1,7.91330302871852,1,0.456536675054444,0.64329573702933,0,6,4.43152347407637
1,5.3,1,1.75090415007398,0.226892802759263,0.704403323902332,0.434169808566103,262.54628652742,24,0.206155737217091,0.43201586675344,5,98,248.238388649168
0,5.1,1,0.112819379968472,0.10471975511966,0.329155532457623,1,54.5157409983076,1,0.586275249422681,0,0,10,32.8655257492929
1,26.6,1,2.79582797005813,1.22173047639603,0.909070701880309,0.391782721902712,534.073328795898,51,0.0638408921630973,0.559338817639681,6,430,507.668099047984
0,3,1,1.923786714732,0.349065850398866,0.831643002067338,1,26.512474261529,1,0.77740766553781,0,0,10,18.1957328059564
1,9.5,1,3.06315131474489,1.55334303427495,0.716739495287397,0.766030613551343,97.6339731323145,60,0.510965651383279,0.913239351500642,5,254,198.704985106316
1,6.8,1,0.183110817262484,0.174532925199433,0.997347480166933,0.999318188016541,54.146074020258,1,0.785281006719381,0.508359692395273,1,18,40.2722073354775
0,12.6,1,1.20296889829573,1.20427718387609,0.417179587042304,1,63.6322588901593,1,0.638162232190735,0,0,10,39.3297458635023
0,9.4,1,2.85696032164003,1.2915436464758,0.48441946250498,0.909775781207466,69.9481881510206,4,0.587757734590296,0.235977800757332,1,22,57.4464802893061
0,17.3,1,1.63736449052368,0.0698131700797732,0.817852834742195,1,19.9429063409073,1,0.776631217113137,0.0706260047124017,0,10,13.6660915603737
1,8,1,0.262994731679861,1.46607657167524,0.937493109920528,0.470083048947233,301.318047100918,31,0.195230677430581,0.440333432673289,5,134,311.148429002798
0,6.8,1,3.01138121068086,1.44862327915529,0.442778936516509,1,24.8688732648069,1,0.677732934657892,0.231284854674239,0,10,15.7243387650939
0,5.2,1,2.8720035757793,1.30899693899575,0.537134866468782,1,24.3479155600103,1,0.711496784467317,0.167800058415212,0,10,15.6819468649973
